"title" "category" "eyes" "heard" "looked" "hands" "dark" "stopped" "home" "find" "head" "high" "long" "knew" "asked" "left" "small" "making" "turn" "arms" "turned" "stop" "man" "fire" "street" "place" "watched" "stood" "mind" "sighed" "arm" "day" "air" "began" "big" "trouble" "face" "door" "cold" "good" "tall" "means" "feet" "give" "pulled" "filled" "understand" "house" "stone" "moment" "hand" "sky" "felt" "quickly" "dressed" "remember" "hear" "water" "stay" "kind" "mouth" "world" "friends" "walls" "warm" "light" "words" "children" "window" "hair" "night" "quietly" "red" "book" "black" "white" "girl" "put" "thinking" "closed" "wearing" "gave" "room" "floor" "lost" "cried" "top" "loud" "front" "leave" "legs" "coming" "young" "father" "time" "turning" "standing" "books" "held" "child" "told" "woman"
"0" "abarat" "children" 1 1 1 1 0 0 1 1 1 1 1 0 1 1 0 0 0 0 0 0 1 1 1 1 0 0 0 0 0 1 1 0 0 0 1 1 1 1 0 1 1 1 1 1 0 1 1 1 1 0 1 1 0 1 0 1 1 1 1 1 1 1 1 1 1 1 1 0 1 0 1 0 0 1 0 1 0 0 1 1 1 1 1 0 1 1 1 1 1 1 0 1 1 0 0 0 0 1 1 1
"1" "avalonhigh" "children" 0 1 0 0 0 0 1 0 1 0 0 1 0 0 0 0 1 0 0 0 0 0 0 0 0 0 0 1 0 0 0 0 0 0 0 0 0 1 0 1 0 1 1 0 0 1 0 0 0 0 0 0 0 1 0 1 0 1 0 0 1 0 0 0 0 0 0 0 0 0 0 1 0 0 1 0 0 0 0 0 0 0 0 0 0 0 1 1 0 1 0 0 1 0 0 0 0 1 1 0
"2" "beyondthedeepwoods" "children" 1 1 0 0 1 0 1 0 0 1 1 1 0 0 0 0 0 1 0 0 0 1 0 0 1 0 0 1 0 1 0 1 0 0 1 1 1 0 0 0 0 1 0 1 0 0 0 1 0 1 1 0 0 0 0 0 0 0 0 1 0 0 1 1 1 1 1 1 1 0 0 0 1 0 0 1 0 0 0 1 0 1 0 0 0 0 0 0 1 0 0 1 1 0 0 0 0 0 0 0
"3" "blackwater" "children" 1 0 1 1 0 0 0 0 1 0 1 1 0 0 1 0 1 1 1 0 0 0 0 0 0 1 0 0 1 0 0 0 1 1 0 0 0 1 1 0 1 0 0 0 0 0 0 0 1 0 1 1 0 0 0 0 0 0 1 0 1 0 0 0 0 0 0 1 0 0 1 0 0 0 0 0 0 1 0 0 1 0 0 0 0 0 1 0 1 0 0 0 0 0 1 0 1 0 0 0
"4" "bluedjinn" "children" 0 0 0 0 0 0 0 0 1 0 1 1 0 0 0 1 1 0 0 0 1 1 1 0 0 0 0 1 0 0 0 0 0 0 0 0 1 1 0 0 0 0 0 0 1 0 0 1 1 0 0 0 1 0 1 0 0 0 0 1 1 0 1 1 0 1 0 0 0 0 0 0 0 0 0 0 0 0 0 0 0 0 0 0 0 0 0 0 0 0 1 1 1 0 0 0 0 0 0 0
"5" "thebookthief" "children" 0 0 1 0 1 1 0 1 0 0 1 0 0 1 1 0 1 1 0 1 0 0 0 0 1 1 1 0 0 1 1 0 0 1 1 0 1 0 1 0 0 0 1 0 0 0 0 1 0 1 1 0 1 1 1 0 1 1 1 1 0 0 0 0 1 0 1 0 0 0 1 1 0 1 1 0 1 0 0 0 0 0 0 1 0 1 0 1 0 0 0 0 1 0 1 0 0 0 0 0
"6" "boymeetsgirl" "children" 0 1 0 0 0 0 1 1 0 1 0 0 1 0 0 1 0 0 0 1 0 1 1 1 0 0 0 0 0 1 0 0 0 0 0 0 0 0 0 0 0 1 0 0 1 0 0 0 0 0 0 0 0 1 0 0 1 1 0 0 0 0 0 0 0 0 0 0 1 0 0 0 0 0 1 0 0 0 0 0 1 0 0 0 1 0 0 1 0 0 0 0 1 0 0 0 0 0 1 0
"7" "coraline" "children" 0 1 1 0 0 0 1 0 0 1 1 1 1 0 1 1 0 0 1 1 1 0 0 0 1 0 1 0 0 1 0 0 1 0 0 1 1 0 0 0 0 0 0 1 0 1 0 0 0 1 0 0 1 0 0 1 1 1 0 1 0 1 1 0 0 0 1 0 1 1 0 1 1 1 0 0 1 0 0 0 0 1 0 0 0 0 0 0 0 0 0 1 1 1 0 1 0 0 1 0
"8" "eldest" "children" 1 0 1 1 1 1 0 0 1 0 0 0 1 1 0 1 0 0 0 0 1 0 0 1 1 1 1 0 1 0 0 0 0 1 1 1 0 1 0 1 0 1 0 0 0 0 1 0 0 0 1 0 1 0 0 0 1 0 0 0 0 0 0 0 1 0 0 1 0 0 0 0 1 0 0 0 1 1 0 0 0 1 0 0 1 0 0 0 0 0 0 0 1 0 0 0 0 0 0 0
"9" "endymionspring" "children" 1 0 1 0 1 1 0 0 0 0 0 0 0 0 1 0 0 0 0 0 1 0 0 0 0 0 0 1 0 0 1 0 0 0 0 0 0 0 0 0 0 0 0 0 0 0 0 0 1 0 0 0 1 0 0 0 0 0 0 0 0 1 0 0 0 0 1 0 0 0 0 1 1 0 0 0 0 0 0 0 0 0 0 0 0 0 0 0 0 0 0 0 1 0 1 1 0 0 0 0
"10" "flybynight" "children" 1 1 0 1 0 1 0 0 1 0 1 0 1 1 0 0 0 1 0 0 0 0 0 0 1 0 1 1 1 1 0 0 0 0 1 0 1 0 0 1 0 1 0 0 0 0 1 0 1 1 1 0 0 0 1 1 0 0 1 1 0 0 0 0 1 0 0 1 0 1 0 0 0 0 0 0 0 0 0 1 0 0 1 0 0 0 0 1 1 1 0 0 0 0 0 1 0 1 1 1
"11" "thegraveyardbook" "children" 1 0 1 1 1 0 0 1 1 1 1 0 0 1 1 0 1 0 0 0 1 0 1 0 0 0 0 0 0 0 1 1 0 0 0 1 0 0 1 0 1 0 1 0 0 1 0 0 1 0 0 0 0 0 0 0 0 0 0 0 0 1 0 1 0 0 1 1 1 0 0 0 1 1 0 1 0 1 0 0 1 1 0 1 1 0 0 0 0 0 0 0 0 0 1 0 1 1 1 1
"12" "greatandterriblebeauty" "children" 1 0 0 1 1 0 1 1 1 1 1 0 0 0 1 0 0 1 0 1 1 0 0 0 1 0 0 0 1 1 0 0 0 0 1 0 1 1 0 1 1 1 0 1 1 1 0 1 1 1 0 0 0 0 1 0 0 0 1 1 0 0 0 0 0 0 0 0 0 0 1 0 1 1 0 0 0 0 1 0 0 0 1 0 0 0 0 0 0 0 1 1 1 1 0 0 0 1 0 1
"13" "inkheart" "children" 0 0 1 0 1 1 0 0 1 0 1 1 1 0 1 0 1 0 0 0 0 1 0 0 0 0 0 1 0 1 0 1 1 0 0 0 0 0 0 0 0 0 0 0 0 1 0 0 0 0 0 0 0 1 0 0 0 0 0 1 0 0 0 0 0 0 0 1 1 1 0 1 0 1 0 1 0 0 0 1 1 0 1 0 0 0 0 0 1 1 0 1 0 1 0 1 0 0 0 0
"14" "jinx" "children" 0 1 0 0 0 1 1 1 0 0 0 0 0 1 0 0 0 0 0 0 0 0 1 0 0 0 0 0 1 1 0 0 1 0 1 1 0 0 1 0 0 0 1 1 0 1 1 1 0 0 0 0 0 0 0 0 1 1 0 0 0 0 1 0 0 0 1 0 0 0 0 0 0 0 1 1 0 1 0 0 0 1 0 0 1 0 1 0 0 0 0 0 0 0 1 0 0 0 1 0
"15" "magykseptimusheap" "children" 1 1 1 0 1 1 1 1 1 0 1 0 0 0 1 0 0 1 0 0 0 1 0 1 0 1 1 0 1 1 0 1 1 0 0 1 1 1 1 0 0 0 1 1 1 0 1 1 0 0 0 1 0 0 0 0 0 0 0 0 0 1 1 0 1 1 0 0 1 0 1 0 0 0 0 1 1 0 1 1 1 1 0 1 0 0 0 0 0 0 0 0 1 0 0 0 1 0 1 1
"16" "thependerwicks" "children" 1 1 1 0 0 1 1 1 0 1 1 1 1 1 0 0 1 0 1 0 1 0 0 1 0 0 0 0 0 0 0 0 1 0 0 0 0 0 0 0 0 1 1 0 0 1 0 0 0 0 0 0 0 1 0 0 0 0 0 0 0 0 0 0 0 0 1 0 0 0 1 1 1 0 0 1 1 0 1 1 0 0 1 0 0 1 1 0 0 1 0 1 1 0 0 1 0 0 0 1
"17" "peterpaninscarlet" "children" 1 0 0 0 0 0 1 1 1 1 1 1 1 1 1 0 1 0 0 1 1 0 1 0 1 1 1 0 0 1 1 1 1 1 0 1 0 1 0 0 1 0 0 0 0 1 0 1 1 0 0 0 0 0 0 1 0 1 0 0 1 0 0 0 0 1 1 1 1 0 0 1 0 0 0 0 0 1 1 0 1 0 0 0 1 0 0 0 0 0 1 0 1 0 0 0 0 0 1 1
"18" "prophecyofthestones" "children" 1 0 1 1 1 0 0 1 1 0 1 1 1 1 0 1 0 0 1 1 1 0 0 0 1 0 0 1 0 1 0 1 0 0 1 1 0 1 1 1 1 1 0 0 1 0 0 1 1 0 1 1 1 0 0 0 0 0 0 0 0 1 0 0 0 0 0 1 1 0 1 1 1 1 1 1 1 0 0 1 1 0 1 0 0 0 0 0 1 1 1 1 1 0 0 0 0 1 0 0
"19" "rebelangels" "children" 1 0 0 1 0 0 0 0 0 0 0 0 0 1 1 1 1 1 0 0 0 1 0 0 0 0 1 0 0 0 0 0 0 1 1 1 0 1 1 0 0 0 0 1 0 0 0 0 0 1 0 0 0 1 0 1 1 0 1 1 1 0 0 1 0 1 0 1 0 0 1 0 0 0 0 0 0 0 0 0 0 0 0 0 0 1 0 1 0 0 1 0 1 0 0 0 0 1 0 0
"20" "secretofcastlecant" "children" 1 1 1 1 0 1 0 0 1 1 1 1 1 1 0 0 1 1 1 0 1 1 0 0 0 1 0 1 1 1 1 1 0 1 1 1 0 1 1 0 1 1 0 0 0 0 1 1 1 1 0 1 1 0 1 1 1 0 0 0 0 1 1 1 1 0 0 1 1 1 0 0 0 1 1 1 0 0 0 1 0 1 0 1 0 0 0 0 1 0 1 0 1 0 0 1 1 0 0 0
"21" "seeker" "children" 0 1 1 0 1 1 1 0 1 1 1 1 1 1 0 1 0 1 1 0 0 0 1 1 1 1 1 0 0 1 0 1 0 0 1 0 0 0 0 0 1 0 0 1 0 0 1 1 1 1 0 0 1 0 0 1 0 0 0 0 1 1 1 1 1 0 0 0 0 1 1 0 0 0 0 0 1 0 0 1 0 0 0 0 1 0 0 0 0 1 0 1 0 1 1 0 1 1 0 1
"22" "slipperyslope" "children" 0 1 0 1 0 0 1 1 0 1 1 0 0 1 0 1 0 0 1 1 1 1 0 0 0 0 0 0 0 0 0 0 0 0 0 0 0 0 0 1 1 0 0 0 1 1 0 1 0 0 1 1 0 0 1 0 0 0 0 0 0 0 0 0 1 1 0 0 0 0 0 1 0 1 0 1 0 0 1 0 0 1 0 1 0 0 0 0 0 0 0 0 0 0 0 1 0 0 0 1
"23" "penultimateperil" "children" 0 1 1 1 1 0 1 0 0 1 0 1 1 1 1 0 1 0 1 0 1 1 1 0 0 0 0 0 0 1 0 0 0 0 0 0 0 1 0 1 0 0 0 0 1 0 1 0 0 0 0 0 0 0 0 0 0 0 0 1 0 0 0 0 0 1 1 0 0 0 0 1 0 0 0 0 0 0 0 0 0 1 0 0 1 0 0 0 0 0 0 0 1 0 0 1 0 0 0 1
"24" "shadowmancer" "children" 1 1 1 1 1 0 0 1 1 1 1 1 1 1 1 1 0 0 1 1 1 1 1 1 1 1 1 0 0 1 1 1 0 0 1 1 1 0 1 0 1 0 1 1 0 0 1 1 1 1 1 1 0 0 1 1 0 0 1 1 0 0 1 1 1 1 1 1 1 1 1 0 1 1 0 0 0 0 0 1 0 1 1 1 1 1 0 1 0 1 1 0 1 0 0 0 1 1 0 0
"25" "silverfin" "children" 1 1 1 1 0 1 0 1 1 0 0 1 0 1 1 0 0 1 0 1 1 0 0 0 0 1 0 0 1 0 1 1 1 1 1 0 1 1 0 0 1 0 1 0 1 0 0 1 0 0 1 1 0 0 0 1 1 1 0 1 1 0 1 1 0 0 0 1 0 1 1 0 0 0 0 1 0 0 0 1 1 0 0 0 0 1 1 0 1 0 1 0 1 1 1 0 0 0 0 0
"26" "sirthursday" "children" 0 0 1 0 0 1 1 0 1 0 1 1 1 0 0 0 0 0 0 0 0 0 0 1 0 0 0 0 0 0 1 0 0 0 0 1 0 1 0 0 0 0 0 0 1 1 0 1 0 1 0 0 0 0 0 0 0 1 0 1 0 0 0 0 0 0 0 0 0 0 0 0 0 0 0 1 0 1 0 0 1 0 0 0 0 1 1 1 0 0 1 0 1 1 0 0 0 0 0 1
"27" "thesorceress" "children" 1 0 1 0 1 0 0 0 1 0 0 0 1 1 1 1 0 0 1 0 1 0 1 1 0 0 0 0 1 0 0 0 0 0 1 0 0 0 1 1 0 0 0 0 0 0 0 1 1 0 1 0 0 0 0 0 0 0 0 0 0 0 0 1 0 0 0 1 0 0 0 0 1 0 1 0 0 1 1 0 0 0 1 0 0 0 1 0 0 0 1 0 0 1 1 0 0 0 0 0
"28" "sweetsixteenprincess" "children" 1 1 0 0 0 0 1 0 1 1 0 0 1 0 0 1 0 0 1 1 0 0 0 1 0 0 0 0 1 0 1 0 1 1 0 0 0 0 0 0 0 1 0 0 0 0 0 0 1 0 0 1 1 0 1 0 0 0 1 0 1 0 0 0 0 0 0 0 1 0 0 0 0 0 0 1 0 1 1 0 0 0 0 0 0 1 1 0 0 1 0 0 1 1 0 0 0 1 0 0
"29" "tricksterschoice" "children" 1 0 1 1 1 1 1 1 1 0 1 0 1 0 1 0 0 1 1 1 1 0 0 1 0 1 1 1 0 1 1 0 0 1 1 0 0 1 0 1 1 0 0 1 1 0 0 0 0 0 1 0 0 1 0 0 0 1 1 0 0 1 0 1 1 1 0 0 0 0 0 0 1 0 0 0 1 0 0 0 1 0 0 1 0 0 0 0 0 0 1 0 1 0 0 0 1 0 1 0
"30" "whatshappeningtograndpa" "children" 0 1 1 1 0 0 1 1 0 0 1 1 1 0 0 1 0 1 1 0 0 0 0 0 1 1 0 0 0 1 0 1 1 1 1 1 0 0 0 0 0 0 0 0 0 0 0 0 0 0 1 0 0 1 1 0 0 1 0 0 1 0 0 0 0 0 0 0 0 1 0 0 0 0 1 1 0 0 0 0 0 0 0 1 0 0 0 0 0 0 0 0 1 0 0 1 1 0 1 0
"31" "gloriousappearing" "children" 1 1 1 1 1 1 0 1 1 1 1 1 0 1 0 0 1 0 1 1 1 0 1 1 0 1 1 1 0 1 1 1 1 1 1 0 0 1 0 1 1 1 1 1 0 0 1 1 1 0 1 1 0 0 1 0 0 0 0 1 0 1 0 1 0 0 0 1 0 1 1 0 1 1 0 1 0 0 0 1 1 0 0 0 0 0 1 1 0 1 1 0 1 1 1 0 0 0 1 0
"32" "purposedrivenlife" "religion" 0 1 0 0 1 1 0 1 0 1 1 0 1 1 0 0 1 0 0 1 0 0 0 0 0 0 1 0 0 1 0 0 0 0 0 0 0 1 0 0 0 1 0 0 1 0 0 0 0 0 1 0 0 1 0 0 0 0 0 1 0 0 0 1 0 0 0 0 0 0 0 1 0 0 0 1 1 0 0 0 0 0 1 0 0 0 0 0 0 0 0 0 0 0 0 1 0 0 1 0
"33" "yourbestlifenow" "religion" 1 1 1 0 0 1 1 1 0 1 1 1 1 0 1 1 1 0 1 1 1 0 0 1 1 1 1 0 0 1 0 1 1 0 0 0 0 1 0 1 0 1 0 1 1 1 0 0 0 0 0 0 0 1 1 0 0 1 0 1 0 0 0 0 1 1 0 0 0 0 0 1 0 0 1 1 1 0 0 0 1 0 1 0 0 0 1 0 0 1 1 1 1 0 0 0 0 0 1 1
"34" "4thofjuly" "religion" 1 1 0 0 0 0 0 0 0 0 0 0 1 0 0 0 0 0 1 0 0 0 1 1 0 0 1 0 0 0 1 0 0 0 0 1 0 0 0 0 0 0 1 0 0 0 0 0 0 0 0 0 0 0 0 1 1 0 0 0 0 0 1 1 1 0 0 0 1 0 0 0 0 0 0 0 0 1 0 0 1 1 0 0 0 0 1 0 1 0 1 0 1 1 1 0 0 0 1 0
"35" "5thhorseman" "mystery" 1 0 0 1 0 0 0 0 1 0 0 1 0 0 0 0 0 0 0 0 0 0 0 0 0 0 0 0 0 0 1 1 0 0 1 0 0 0 0 0 0 0 0 0 0 0 0 0 0 0 0 0 0 0 0 1 0 0 0 0 0 0 0 1 0 0 0 0 0 0 0 0 1 1 0 0 0 0 0 0 1 0 0 0 0 0 1 0 0 1 0 0 0 0 0 0 0 0 0 0
"36" "the6thtarget" "mystery" 1 0 0 0 0 0 0 0 1 0 0 0 0 0 1 0 0 0 0 0 0 0 0 0 0 0 1 0 0 0 0 0 1 0 0 0 0 1 0 0 0 0 0 0 0 0 0 0 1 1 0 0 0 0 0 0 0 0 0 0 0 0 0 0 0 1 0 1 0 0 1 0 0 1 0 0 0 0 1 0 0 0 0 0 1 1 1 0 0 0 0 0 0 0 0 0 0 0 0 1
"37" "absolutefriends" "mystery" 1 1 0 1 1 0 1 1 1 1 1 1 1 1 1 0 1 1 1 1 1 0 1 1 0 1 1 0 1 1 1 1 1 0 1 1 0 1 1 1 1 1 0 1 1 1 1 1 1 0 0 1 0 1 1 1 1 1 1 1 1 1 0 0 1 1 1 1 1 0 1 1 1 1 1 1 1 0 1 1 1 1 1 0 0 0 1 1 1 1 1 1 1 1 1 0 1 1 1 1
"38" "thealexandrialink" "mystery" 1 1 0 0 0 1 1 1 1 0 1 1 1 1 0 0 0 1 0 0 0 0 0 0 1 1 0 0 0 0 0 0 0 0 1 1 0 1 1 0 0 1 0 0 0 0 0 0 1 0 1 1 0 0 1 0 0 1 0 0 0 0 0 0 0 0 1 1 1 0 0 0 1 0 0 0 0 1 0 0 0 0 0 0 0 0 1 0 0 0 0 0 1 0 1 0 0 0 1 0
"39" "alltheflowersaredying" "mystery" 0 1 1 0 0 0 0 1 0 0 1 0 1 1 0 0 0 0 0 0 0 0 1 1 0 0 0 0 0 1 0 1 0 0 1 0 0 1 0 0 0 0 0 1 0 1 0 0 0 0 0 0 0 1 0 0 0 1 0 0 0 0 0 0 0 0 0 0 1 0 0 0 1 0 0 1 0 0 0 0 1 0 1 0 0 0 0 0 0 0 0 1 1 0 0 0 0 0 1 0
"40" "alpinerecluse" "mystery" 1 1 0 0 0 1 1 0 1 1 1 1 1 1 0 0 0 0 1 1 0 1 0 0 0 0 0 1 0 0 1 0 1 1 1 0 0 0 0 0 0 0 0 0 0 1 0 1 1 0 1 0 0 0 0 1 0 0 0 0 0 0 0 0 1 0 0 1 0 0 1 0 0 1 0 1 0 0 1 1 0 0 0 0 1 0 1 0 0 0 0 0 1 0 1 0 0 0 1 0
"41" "badbusiness" "mystery" 1 0 1 0 0 0 0 1 0 0 1 0 0 0 1 0 0 0 0 0 1 0 0 0 0 0 0 0 0 1 0 0 1 1 1 0 0 1 0 0 0 0 0 0 0 0 0 0 0 0 0 0 0 0 0 0 0 1 1 0 0 0 0 0 0 0 0 1 0 1 0 1 0 1 1 0 0 0 1 0 0 0 0 0 0 0 0 0 0 0 0 0 1 0 0 0 0 0 0 1
"42" "bangkoktattoo" "mystery" 1 0 0 1 0 0 0 1 0 0 1 1 1 1 1 0 1 0 1 1 1 0 1 0 0 1 1 0 1 0 0 1 1 1 0 1 0 1 0 0 1 1 0 0 0 0 0 0 1 0 0 0 0 0 0 1 0 0 1 0 0 0 0 0 0 0 0 1 1 0 0 0 1 1 1 1 1 0 0 0 1 1 1 0 1 0 1 1 1 0 1 1 1 1 0 0 0 0 1 1
"43" "bannermansghosts" "mystery" 1 0 0 1 0 0 1 0 1 0 1 1 1 1 0 0 0 0 0 0 1 0 0 1 0 0 1 0 0 1 1 0 0 0 1 0 0 0 1 0 0 1 0 0 0 0 0 0 1 0 0 0 1 0 0 0 0 0 0 0 0 0 0 0 0 0 0 0 0 0 0 0 0 0 0 0 1 0 0 1 0 0 0 0 1 0 0 0 0 0 0 0 0 0 0 0 0 0 1 0
"44" "beautifulghosts" "mystery" 1 1 0 1 0 1 0 0 1 1 1 1 1 1 0 0 0 0 1 0 1 0 0 0 1 1 0 0 0 1 1 1 0 0 1 0 0 0 1 0 1 0 1 1 0 0 1 1 1 1 1 0 0 0 0 0 0 0 0 1 0 1 0 0 0 0 0 1 0 1 1 0 0 1 0 0 0 0 0 0 0 0 0 1 0 0 1 0 1 0 1 0 1 1 1 0 1 0 0 1
"45" "bigovereasy" "mystery" 1 1 1 1 0 1 1 1 1 1 0 0 1 1 1 0 1 0 1 0 1 1 0 1 0 1 0 1 1 1 1 1 0 0 1 1 1 1 0 0 0 0 0 1 1 0 0 1 1 1 1 1 1 1 1 1 0 1 0 1 0 0 0 1 0 1 1 1 1 0 0 0 1 0 0 1 1 1 1 0 1 1 0 0 0 0 1 1 0 0 0 1 1 0 1 0 0 0 1 1
"46" "blackcreekcrossing" "mystery" 1 1 0 0 0 0 0 0 0 0 1 1 1 0 0 0 0 0 1 0 0 0 0 0 0 1 1 0 0 1 0 0 0 0 1 1 0 0 0 0 0 0 0 0 0 1 0 0 1 0 0 0 0 1 0 0 0 1 0 1 0 0 0 0 0 0 0 0 0 1 0 0 0 1 0 0 0 0 0 1 1 0 0 0 0 0 0 1 0 0 0 0 0 0 1 1 1 0 1 0
"47" "theblackorder" "mystery" 1 1 0 1 0 0 1 0 1 0 1 1 0 0 1 0 0 0 0 0 0 1 1 0 1 0 1 0 0 0 0 0 0 1 0 0 0 0 1 0 0 0 0 0 0 1 0 0 0 0 0 0 1 0 0 1 0 0 1 0 0 0 0 1 0 0 0 1 0 0 0 0 1 0 0 0 0 0 0 0 0 0 0 0 0 0 0 0 1 0 0 1 1 0 0 0 0 1 0 1
"48" "bloodisthesky" "mystery" 1 1 1 1 1 1 1 1 1 1 1 1 1 1 0 0 1 1 1 1 1 1 0 1 1 1 1 0 1 1 0 0 1 1 1 1 1 1 0 0 0 1 1 0 0 0 1 1 1 1 1 0 0 1 1 1 1 1 0 1 1 1 0 1 0 0 0 0 1 0 1 0 1 1 0 1 1 0 1 1 0 1 0 0 1 0 0 1 1 1 0 1 1 0 1 0 0 0 1 1
"49" "abodytodiefor" "mystery" 1 1 1 1 1 1 1 1 1 0 1 0 1 1 1 1 1 0 1 1 0 1 0 1 0 0 1 0 0 1 1 0 1 1 1 1 0 1 1 0 1 0 1 1 0 1 1 1 0 0 1 1 1 0 0 1 1 1 0 1 0 1 0 1 1 0 1 1 1 0 1 1 0 1 1 1 1 0 1 0 1 1 1 0 0 0 1 1 1 1 0 1 1 0 1 0 1 0 1 1
"50" "bonemountain" "mystery" 1 1 1 1 1 1 0 1 1 1 1 1 1 1 1 0 1 0 1 1 1 1 0 1 1 1 0 0 1 0 1 1 0 0 1 0 0 0 0 0 1 0 1 0 1 0 1 1 1 1 0 0 0 0 1 1 0 0 0 0 0 0 0 1 1 0 0 0 1 1 0 0 1 1 0 0 0 0 1 0 0 0 0 1 1 0 0 1 0 1 1 0 0 0 0 0 1 0 1 0
"51" "thebookoffate" "mystery" 1 1 1 1 1 1 1 0 1 0 0 1 1 1 1 1 1 1 1 1 1 0 0 1 0 0 0 0 1 1 1 1 1 0 1 1 0 1 1 0 1 1 1 1 0 1 0 1 1 1 1 1 1 1 1 1 1 1 1 1 1 0 0 1 0 0 1 1 1 0 1 0 1 1 0 1 0 1 0 1 0 1 0 0 0 1 1 1 0 1 1 1 1 0 1 0 1 0 1 1
"52" "thebookoflies" "mystery" 1 0 1 0 0 1 0 1 1 0 1 1 1 1 1 0 0 0 0 1 1 0 0 0 0 1 0 0 0 1 1 1 0 0 1 1 0 1 0 0 1 0 0 1 0 0 0 0 1 0 0 1 0 1 0 1 0 1 1 1 0 0 0 1 0 0 1 1 0 0 1 1 0 0 1 1 0 0 0 1 1 0 1 0 0 0 0 0 1 1 1 1 1 0 1 0 1 0 1 0
"53" "thebroker" "mystery" 0 1 1 1 0 1 1 1 1 0 1 1 1 1 1 1 0 0 1 1 1 0 1 1 1 0 1 0 0 1 0 1 0 0 1 1 1 1 0 0 0 0 1 0 0 1 0 1 1 0 1 1 0 0 1 0 1 0 0 1 1 1 0 0 1 0 1 0 1 0 0 1 1 1 0 0 0 0 0 1 1 1 1 0 1 0 1 1 0 0 1 0 1 0 1 0 1 0 0 0
"54" "theburglarontheprowl" "mystery" 0 0 0 1 0 0 0 0 1 0 0 0 0 0 1 0 0 0 1 1 1 0 1 1 0 0 0 1 0 0 0 0 0 0 0 1 0 1 1 0 0 0 0 1 0 0 0 0 1 0 0 0 0 0 1 1 0 0 1 0 0 0 0 0 1 0 0 1 0 1 0 1 0 0 0 0 1 0 0 0 1 0 0 0 0 0 0 0 0 0 0 0 1 0 0 1 1 0 1 0
"55" "thebournesanction" "mystery" 1 0 1 0 1 0 1 1 1 1 1 1 1 1 1 1 1 0 1 0 1 1 1 0 0 1 1 0 0 1 1 1 0 0 1 1 0 1 1 0 0 1 0 1 1 1 0 1 1 1 1 0 1 0 1 0 0 1 1 1 0 0 0 1 0 1 1 1 1 0 1 0 1 1 0 1 1 0 0 1 1 1 1 0 1 0 1 1 0 1 0 0 1 1 1 0 0 0 1 1
"56" "cinnamonkiss" "mystery" 1 0 1 1 1 0 0 0 1 1 0 1 1 0 1 1 1 0 0 0 1 0 0 1 0 0 1 0 1 1 0 0 0 0 1 1 1 1 0 0 0 1 0 0 0 0 0 1 0 0 1 0 0 1 1 0 1 1 1 0 0 0 0 1 1 0 0 1 0 0 0 0 1 1 0 1 0 1 1 0 1 0 0 0 0 0 1 0 0 0 1 0 1 0 0 0 1 0 0 1
"57" "creationindeath" "mystery" 1 1 1 1 1 1 1 1 1 0 1 1 1 1 1 1 0 1 1 1 1 0 1 1 1 1 1 0 1 1 1 1 1 1 1 1 1 1 1 1 1 1 1 1 1 0 0 1 1 0 1 1 1 1 1 1 1 1 1 0 1 0 1 1 1 0 1 1 1 0 1 1 1 1 0 1 0 1 1 1 1 1 1 0 1 0 1 1 0 1 1 1 1 0 1 0 1 0 1 1
"58" "curiousincidentofthedog" "mystery" 1 1 1 1 1 0 1 1 1 1 1 1 1 1 1 1 1 1 0 1 0 1 1 1 1 1 1 0 1 1 1 0 1 1 1 1 1 1 1 1 1 1 1 0 1 1 1 0 1 1 1 1 0 0 1 0 0 1 1 1 0 0 1 1 1 0 1 1 1 0 1 1 1 1 0 1 1 1 1 0 1 1 0 0 1 0 1 1 0 1 1 1 1 0 1 1 1 0 1 0
"59" "cyanidewells" "mystery" 0 0 0 0 0 0 0 1 0 0 1 0 0 0 1 0 0 0 0 0 0 0 0 1 0 0 0 0 0 0 0 0 0 1 0 0 1 1 0 0 0 0 0 0 0 0 0 0 0 0 1 0 0 1 0 0 0 1 0 0 0 0 0 0 0 1 0 0 1 0 0 1 0 1 0 1 1 0 0 0 0 0 0 0 0 0 0 0 0 1 0 0 1 0 0 0 0 1 0 1
"60" "thedakotacipher" "mystery" 0 0 0 0 0 0 0 0 1 0 0 0 0 0 0 0 0 0 1 0 1 1 0 1 0 0 0 0 0 1 0 0 0 0 0 0 0 1 0 0 0 0 0 0 0 0 0 0 0 0 0 0 0 0 0 0 0 0 1 1 0 0 0 0 1 0 0 0 0 0 0 1 0 1 0 1 0 0 0 0 1 0 1 0 0 0 0 0 0 0 0 0 1 0 0 0 0 0 0 1
"61" "darktort" "mystery" 1 0 0 1 1 0 0 0 0 1 0 1 0 0 1 0 0 1 0 0 0 0 0 0 0 0 0 1 0 0 0 1 0 0 1 1 0 0 0 0 1 0 1 0 0 0 0 0 0 0 0 0 0 0 1 1 0 0 0 0 0 1 0 0 0 0 0 1 1 0 0 0 0 0 0 1 0 0 1 0 0 0 0 1 0 0 0 0 0 0 0 0 0 0 0 0 0 0 1 0
"62" "deadbeforedying" "mystery" 1 1 0 1 1 0 0 1 0 0 1 0 0 1 1 0 0 0 1 0 1 0 0 0 0 1 1 0 0 1 1 0 0 0 0 0 0 0 0 0 0 1 1 0 0 0 0 1 1 0 1 1 0 0 1 0 0 0 1 0 0 0 1 1 0 0 1 0 1 0 0 0 0 1 0 0 0 1 0 0 1 1 0 0 0 0 1 0 0 0 0 0 0 0 0 0 1 0 0 1
"63" "deepstorm" "mystery" 0 1 1 1 0 1 0 0 1 1 0 0 1 1 1 1 1 0 1 0 1 0 0 1 0 1 0 0 1 1 1 1 0 0 1 1 0 0 1 0 1 1 1 0 1 0 0 1 1 0 1 1 0 1 0 1 0 1 0 1 0 0 0 0 0 0 0 1 0 1 0 0 1 1 0 1 0 1 1 1 1 1 0 0 0 0 1 0 1 0 0 0 1 0 1 1 1 0 1 1
"64" "thedoomsdaykey" "mystery" 1 1 0 1 0 0 0 1 1 1 1 1 1 0 1 0 0 0 1 1 1 0 0 1 1 1 0 0 1 0 1 1 0 0 0 1 1 1 1 1 1 0 1 0 0 1 1 1 1 0 0 0 1 0 0 1 0 0 1 0 0 0 0 1 1 0 0 1 0 0 1 1 1 1 0 0 0 1 0 0 0 1 1 0 0 0 0 1 0 0 0 0 0 1 0 0 0 0 0 0
"65" "doubleshot" "mystery" 1 0 0 0 1 1 0 0 1 0 0 1 0 0 0 1 1 0 1 0 1 0 1 1 0 0 0 0 0 1 0 0 1 0 0 1 1 1 0 0 1 0 1 0 0 0 1 1 0 0 1 0 1 0 0 1 0 0 1 0 0 0 0 0 0 0 0 0 0 0 0 0 1 0 0 1 0 1 1 0 0 0 0 0 1 0 0 0 1 0 0 0 0 0 0 0 0 0 0 1
"66" "theenemy" "mystery" 0 1 1 1 1 1 1 0 1 0 1 1 1 1 1 0 1 0 1 1 1 0 1 1 0 1 1 0 0 1 1 0 1 1 0 1 1 1 0 0 0 0 1 0 0 0 0 0 1 0 0 0 1 0 1 0 1 1 0 1 0 0 0 0 1 0 0 0 1 0 1 0 1 0 0 1 1 0 1 1 1 0 0 0 1 1 0 1 0 1 0 0 1 0 0 0 0 0 1 1
"67" "everysecretthing" "mystery" 1 1 1 0 0 0 1 0 0 0 1 0 1 1 0 0 0 0 0 0 0 0 0 0 0 0 0 0 0 0 0 0 0 1 1 0 1 1 0 0 0 0 0 0 0 0 0 0 0 0 1 0 0 0 0 1 0 0 0 0 0 0 0 0 0 0 0 0 1 0 0 0 0 0 0 0 0 0 0 0 0 0 0 0 0 0 0 0 0 0 0 0 1 0 0 0 0 0 1 0
"68" "thefallen" "mystery" 0 0 1 0 1 0 0 0 1 1 1 0 0 0 0 0 0 0 0 0 1 0 0 0 0 0 0 0 0 0 1 1 0 0 0 0 0 0 0 0 0 0 0 0 1 1 0 0 0 1 1 1 0 0 0 0 0 0 0 1 0 0 0 1 1 0 1 1 1 0 1 0 1 1 0 0 1 0 0 1 0 0 0 0 1 0 0 1 0 0 0 0 1 0 0 0 0 0 1 0
"69" "falseimpression" "mystery" 1 1 1 0 0 0 0 1 1 0 1 0 0 1 1 0 1 0 1 1 1 1 1 0 0 0 1 0 1 1 0 1 0 0 1 1 1 1 0 0 0 0 1 0 0 1 0 0 1 0 1 1 1 0 0 0 0 0 0 0 0 0 0 0 0 0 0 1 1 1 0 0 0 1 1 1 0 1 0 1 1 1 1 0 1 0 1 0 0 0 1 1 1 1 1 0 0 0 0 1
"70" "firestorm" "mystery" 1 1 1 0 0 0 1 1 1 0 0 1 1 0 0 0 0 0 0 0 0 1 1 0 1 1 1 0 1 1 0 0 1 1 1 1 1 1 0 0 1 1 1 0 1 1 1 1 1 0 1 1 1 1 0 0 1 0 1 1 1 0 1 0 0 0 0 0 0 0 0 0 1 0 0 1 0 0 0 1 1 0 1 0 0 0 1 1 1 0 0 0 1 1 1 0 0 0 1 0
"71" "fleshmarketalley" "mystery" 1 1 1 1 0 1 1 1 1 1 1 1 1 1 1 1 0 1 1 1 1 0 1 1 0 0 1 0 1 1 1 0 0 0 1 1 0 1 1 0 1 1 1 0 0 1 0 1 1 0 1 1 1 1 1 0 1 1 0 1 1 1 0 1 1 0 1 1 1 1 0 0 0 1 0 1 1 0 1 1 1 1 1 0 0 0 1 1 0 1 0 0 1 1 0 0 1 0 1 1
"72" "thefullcupboardoflife" "mystery" 1 1 1 1 0 1 0 1 0 0 0 1 1 1 1 0 0 0 0 0 1 0 0 1 1 0 0 0 0 1 0 0 1 0 0 1 1 1 0 1 0 0 0 0 0 1 0 1 0 1 1 1 0 0 0 0 0 0 1 1 0 0 0 1 0 1 1 0 1 0 0 0 1 1 1 1 0 0 0 0 0 1 0 0 0 0 0 0 0 1 1 1 1 1 0 1 0 0 1 1
"73" "gonetomorrow" "mystery" 1 0 1 0 1 1 1 0 1 0 1 1 0 1 1 0 0 0 0 0 1 1 1 1 0 0 1 0 0 1 1 0 0 0 1 0 0 1 0 1 1 1 0 0 1 0 0 0 0 1 0 0 1 0 1 0 0 1 0 1 0 0 0 0 0 1 1 1 1 0 0 0 1 1 0 0 0 1 1 1 0 0 0 0 1 0 1 0 0 0 1 0 1 0 1 0 1 0 1 1
"74" "guardianofthehorizon" "mystery" 1 0 1 0 0 1 1 0 1 0 0 1 1 1 1 0 0 0 1 0 1 0 0 0 0 0 1 0 0 1 0 1 0 1 1 0 1 1 0 0 0 0 0 0 0 1 0 0 0 0 1 0 0 0 0 0 0 0 0 0 0 0 0 1 0 0 0 0 0 0 0 0 1 0 0 1 0 0 0 0 0 0 0 0 0 0 0 0 0 0 0 1 1 0 0 0 1 0 0 0
"75" "hardrevolution" "mystery" 1 0 0 0 0 1 1 1 1 1 0 1 0 0 0 0 0 0 1 1 1 0 1 1 0 1 0 0 0 1 1 1 1 1 1 1 0 1 0 0 0 1 1 1 0 1 0 0 1 0 1 0 0 0 0 1 0 1 0 1 1 0 0 0 1 1 0 1 1 0 0 1 1 1 0 1 1 0 1 1 0 0 0 0 1 0 1 0 0 1 1 1 1 0 0 1 0 0 1 1
"76" "honeymoon" "mystery" 1 0 0 1 0 0 0 1 0 0 0 0 1 0 1 0 1 0 1 0 0 0 0 0 0 1 0 0 1 1 0 1 0 0 1 0 0 1 1 0 0 0 0 1 0 0 0 1 1 0 0 1 0 0 0 1 0 0 0 0 0 0 0 0 0 0 0 0 0 0 0 0 0 0 1 0 0 0 1 1 0 0 0 0 1 0 0 1 0 0 1 0 1 0 0 0 0 0 0 0
"77" "thehusband" "mystery" 1 1 1 0 0 0 1 1 1 0 1 1 1 1 0 1 0 0 1 0 1 1 1 0 0 1 1 0 0 1 1 1 1 0 0 0 1 1 0 0 1 0 0 0 0 1 0 1 0 1 1 0 0 0 1 1 1 1 0 0 0 0 1 0 1 0 0 0 1 0 1 0 0 1 0 1 0 0 0 0 1 0 0 1 0 0 0 1 0 1 0 0 1 0 0 0 0 0 0 0
"78" "icerun" "mystery" 1 1 1 1 1 1 1 1 1 0 1 1 1 1 0 0 0 0 0 0 1 1 0 1 0 0 1 0 0 1 1 0 1 1 1 1 1 1 0 0 1 0 0 0 0 1 1 1 1 0 1 0 0 0 1 1 1 1 1 1 1 1 0 1 0 0 0 1 1 0 1 0 0 1 0 1 1 1 0 1 1 0 0 0 0 1 1 0 0 1 1 1 1 0 0 0 1 0 0 0
"79" "judgmentcalls" "mystery" 1 0 1 1 1 1 1 1 1 1 1 1 1 1 0 1 1 0 0 0 1 0 1 1 0 0 1 0 0 0 1 0 1 0 1 1 0 1 1 0 0 1 1 1 0 1 0 0 1 0 1 0 1 0 0 0 0 1 1 0 0 0 0 0 1 1 0 1 1 0 0 1 1 1 1 1 1 0 1 1 1 0 0 1 0 0 1 0 0 1 1 0 1 1 0 1 1 1 1 0
"80" "justtakemyheart" "mystery" 1 1 0 1 0 1 1 1 1 0 0 1 0 0 1 1 0 0 1 0 0 0 1 0 0 0 0 0 0 1 0 1 0 0 1 1 0 1 0 0 0 0 0 1 1 1 0 0 1 0 1 0 0 0 0 0 0 1 0 1 0 0 0 0 0 0 0 0 1 0 0 0 0 0 0 1 0 0 1 0 1 1 0 0 0 0 0 0 0 0 1 0 1 0 0 0 1 0 1 0
"81" "killthemessenger" "mystery" 1 1 1 0 0 1 1 0 1 0 1 1 0 1 0 0 0 1 1 0 0 1 1 0 0 0 1 0 1 1 1 1 1 0 1 1 0 1 0 0 1 1 1 0 0 1 0 0 1 1 0 0 0 0 1 1 0 0 0 1 0 0 0 1 0 0 0 1 1 0 1 0 0 1 1 1 0 0 0 1 0 1 0 0 1 0 1 0 1 1 0 0 1 0 1 1 1 0 1 1
"82" "killersmile" "mystery" 1 0 1 0 1 1 1 1 0 0 1 0 0 1 0 0 0 0 1 1 1 0 0 0 0 0 0 0 0 1 1 0 0 0 0 1 0 1 0 0 0 0 0 0 0 1 0 1 1 0 1 0 0 0 0 0 0 0 0 0 0 0 0 0 0 0 0 0 1 0 1 1 0 0 0 1 0 1 0 0 1 0 0 0 0 0 0 1 0 0 0 0 1 0 0 0 0 0 1 0
"83" "thelastcato" "mystery" 1 1 1 1 0 0 0 0 1 0 1 0 1 0 1 0 1 0 1 0 0 0 0 0 0 1 0 1 1 0 0 0 1 0 1 1 0 0 1 0 0 1 0 0 0 0 0 1 1 0 0 0 0 0 1 0 0 0 1 1 0 1 0 1 0 0 0 1 0 0 1 0 0 0 0 0 1 1 0 1 0 0 1 0 0 0 1 0 1 0 0 1 1 0 1 1 0 0 0 0
"84" "thelastjuror" "mystery" 1 1 1 1 1 1 1 0 1 0 1 0 0 1 1 0 0 0 1 0 1 0 0 1 1 0 0 0 0 0 0 1 0 1 1 1 0 1 0 0 1 0 1 0 0 1 0 1 1 0 1 0 0 0 1 0 0 0 1 0 0 0 1 1 0 1 1 1 1 0 0 0 1 1 1 0 1 0 0 0 1 1 0 1 1 1 1 0 1 0 1 0 0 0 0 0 1 0 1 1
"85" "thelastspymaster" "mystery" 1 1 1 1 1 1 1 1 1 1 1 1 1 1 1 1 0 1 1 1 1 1 1 1 1 1 1 1 1 1 1 1 1 0 1 1 1 1 1 1 1 1 1 1 1 1 1 1 1 1 1 1 1 1 0 1 0 0 1 1 0 1 1 1 1 0 1 1 0 1 1 1 1 1 0 1 0 1 1 1 1 1 1 0 1 0 1 0 0 0 1 0 1 1 1 1 1 0 1 1
"86" "lefttodie" "mystery" 1 1 0 0 0 0 0 0 0 0 0 1 0 0 0 1 0 1 0 0 0 1 0 0 0 0 0 0 0 0 0 0 1 1 0 0 1 0 0 0 0 1 1 0 0 0 0 0 0 0 1 0 0 0 1 0 1 0 1 1 0 0 0 1 1 0 0 0 0 0 0 0 0 1 0 1 1 0 0 0 0 0 0 0 0 0 1 0 1 0 0 0 1 0 0 0 1 0 0 0
"87" "thelighthouse" "mystery" 0 1 1 0 0 0 0 0 1 1 0 1 1 1 1 0 0 0 1 0 0 0 1 1 0 1 1 0 0 1 0 1 0 1 1 1 0 1 0 0 0 0 0 0 1 1 1 0 1 0 0 1 1 1 1 0 0 1 1 1 1 0 0 0 1 0 0 1 0 0 1 0 0 0 0 1 0 1 0 1 1 1 1 0 1 0 0 1 0 0 0 0 1 0 0 0 1 1 1 0
"88" "londonbridges" "mystery" 1 0 1 0 1 0 0 0 1 0 0 0 0 0 1 0 0 1 1 0 0 0 0 0 0 0 0 0 0 0 0 0 0 0 1 0 0 1 0 0 0 0 0 0 0 1 0 0 0 0 0 0 0 0 0 0 0 0 0 0 0 0 0 0 0 0 1 1 1 0 0 0 0 0 1 1 0 0 0 0 0 0 1 0 0 0 1 0 1 0 1 0 1 0 0 0 0 0 0 0
"89" "lostcity" "mystery" 1 1 1 0 1 0 1 0 1 1 1 0 1 1 0 1 0 0 0 0 1 1 0 1 0 0 1 0 1 0 0 0 0 0 1 1 0 0 1 1 1 1 0 0 0 1 0 0 1 0 0 0 0 0 0 0 0 1 1 0 0 0 0 1 0 1 0 1 1 0 1 0 0 1 0 1 0 0 0 0 0 0 1 0 0 0 0 1 0 1 0 0 1 0 0 0 0 0 0 0
"90" "lostlight" "mystery" 1 1 1 0 0 1 1 1 1 1 1 1 1 1 1 1 0 0 1 0 1 0 0 1 0 1 1 0 0 1 0 0 1 0 1 1 0 1 0 0 1 1 1 0 0 1 0 1 1 0 1 1 0 1 1 0 0 1 0 0 0 1 0 0 1 0 0 1 0 0 1 0 1 1 0 1 0 0 1 1 1 1 0 0 1 0 1 1 0 1 0 0 1 0 1 0 0 0 1 1
"91" "mapofbones" "mystery" 1 0 1 0 1 0 0 0 0 0 1 1 0 1 0 1 0 0 0 0 0 0 1 0 1 0 0 0 0 0 0 0 1 0 0 1 1 0 1 0 1 0 0 0 0 0 0 0 0 0 0 1 0 0 0 0 0 0 0 1 0 1 0 1 0 0 0 0 0 0 1 0 1 0 0 0 0 1 0 0 0 1 0 0 1 0 0 0 1 0 0 0 0 0 0 0 1 0 0 0
"92" "themessenger" "mystery" 1 1 1 1 1 1 1 1 1 1 1 1 1 1 1 0 1 1 1 1 1 0 1 1 1 0 1 0 0 1 1 1 1 0 1 1 0 1 1 1 1 1 0 0 0 1 0 1 1 0 1 0 1 0 0 1 1 1 1 1 1 0 1 1 0 0 1 1 0 1 0 1 1 0 1 1 0 1 1 1 0 1 0 1 0 0 1 0 0 1 1 1 1 0 1 0 1 0 1 1
"93" "metrogirl" "mystery" 1 1 0 0 0 0 1 0 0 1 0 1 1 1 0 0 0 0 1 1 0 0 0 0 0 0 0 0 0 0 1 0 1 0 1 0 1 1 0 0 0 0 0 0 0 0 0 0 0 0 1 0 0 0 1 1 0 1 1 1 0 0 0 0 0 0 0 1 1 0 0 0 0 0 0 0 0 0 0 1 0 0 1 0 0 0 0 1 0 1 0 0 1 0 0 0 0 0 0 1
"94" "missingjustice" "mystery" 1 1 1 0 1 1 1 1 1 1 1 1 1 1 1 0 1 0 1 1 1 0 1 1 0 1 1 0 0 1 0 1 0 0 1 1 0 1 0 0 1 1 1 0 0 1 0 1 1 0 1 1 1 1 1 0 1 1 0 0 1 1 0 0 1 0 1 1 1 0 1 1 1 0 1 1 1 0 1 1 1 1 1 0 1 0 1 1 0 1 0 0 1 0 0 0 1 0 1 1
"95" "themissionsong" "mystery" 1 1 0 1 0 1 1 1 1 1 1 1 1 1 1 1 1 1 1 0 1 1 1 1 0 1 1 0 1 1 1 0 1 1 1 1 0 1 1 0 1 1 0 0 0 1 1 1 1 0 1 0 0 1 1 1 0 1 1 1 1 0 1 1 1 1 0 1 1 0 1 1 1 1 1 1 0 1 1 1 1 1 1 1 1 0 1 1 0 1 1 1 1 0 1 0 1 1 1 1
"96" "themummycase" "mystery" 1 0 0 0 1 0 0 1 0 0 0 1 0 1 0 0 1 1 0 0 1 0 0 0 0 1 0 0 0 1 0 1 0 0 1 0 0 0 1 0 1 0 0 0 0 0 0 0 0 0 0 0 0 0 0 0 0 1 0 1 0 0 0 0 1 0 0 1 1 0 0 0 1 0 0 1 0 0 0 1 0 0 0 0 0 0 0 0 0 0 0 1 0 0 0 0 0 1 0 1
"97" "thenamingofthedead" "mystery" 1 1 1 1 1 1 1 1 1 1 1 1 1 1 1 1 1 1 1 1 1 0 1 1 1 1 1 1 1 1 0 1 1 1 1 1 1 1 1 1 1 1 1 0 0 1 0 1 1 1 1 0 1 0 0 1 1 1 1 1 0 0 1 0 1 1 1 1 1 1 1 0 1 1 0 1 1 0 1 1 1 0 0 0 0 0 1 1 1 1 1 1 1 1 1 0 1 0 1 1
"98" "thenarrows" "mystery" 1 1 1 0 1 0 1 1 1 0 1 1 0 1 1 0 1 0 1 0 1 0 0 1 0 0 1 0 0 1 0 0 0 0 1 1 0 1 0 0 1 0 0 0 0 1 0 1 1 1 1 1 0 0 1 1 0 0 1 1 0 0 0 1 0 0 1 0 1 0 1 1 1 0 0 1 0 1 0 0 1 0 0 0 0 0 0 1 1 0 0 0 1 1 0 0 0 0 0 0
"99" "noplacelikehome" "mystery" 1 0 1 0 1 0 1 0 1 1 1 1 0 1 1 0 0 1 0 0 1 0 0 0 0 0 1 0 1 1 0 0 0 0 1 1 0 1 1 0 0 0 0 0 0 1 0 1 1 0 0 0 1 0 1 0 0 1 1 0 0 1 0 1 1 1 0 1 1 0 0 0 1 0 1 1 0 0 0 0 1 0 0 0 1 0 0 0 0 1 0 1 1 1 1 0 0 1 1 1
"100" "onedeadunderthecuckoosnest" "mystery" 1 0 1 0 0 0 0 1 0 1 1 1 0 0 0 1 0 0 1 0 0 0 0 0 0 0 0 0 1 1 1 0 1 0 0 0 0 0 0 0 0 0 1 0 0 1 0 0 1 0 0 0 1 1 0 0 0 0 0 1 0 0 0 0 1 0 1 1 0 0 0 0 0 1 0 1 1 0 0 1 1 0 0 0 0 0 0 1 0 0 0 1 1 1 0 0 0 0 0 0
"101" "theorionprotocol" "mystery" 1 0 0 1 0 0 0 0 0 1 0 0 0 1 1 0 0 0 0 0 1 0 0 0 0 0 0 0 0 1 0 0 0 0 0 0 1 0 0 0 0 1 0 0 0 1 0 1 0 0 1 0 0 0 0 0 0 0 0 0 0 1 0 1 0 0 1 0 0 0 0 0 0 1 0 0 0 0 0 0 1 0 0 0 1 0 1 0 0 0 0 0 1 0 0 0 0 0 1 0
"102" "theoverlook" "mystery" 1 1 1 0 1 0 1 0 1 0 1 1 1 1 1 0 1 1 1 1 1 0 1 1 0 0 0 0 0 1 0 0 0 0 1 1 0 1 0 1 0 1 1 0 1 1 0 1 1 0 1 1 0 0 1 0 1 0 0 0 0 0 0 1 0 0 0 1 1 0 0 0 0 0 0 1 0 1 0 1 1 0 0 0 0 0 1 0 1 0 1 0 1 0 1 0 0 0 1 1
"103" "aquestionofblood" "mystery" 1 1 1 1 1 1 1 1 1 1 1 1 1 1 1 1 1 1 1 1 1 1 1 1 1 1 1 0 1 1 1 1 1 1 1 1 1 1 0 1 1 1 0 1 0 1 0 1 1 0 1 0 1 1 1 1 0 1 1 1 1 1 0 1 1 0 1 1 1 0 0 1 1 1 0 1 1 1 0 1 1 1 1 0 1 0 1 1 1 1 0 1 1 1 1 0 1 0 1 1
"104" "princeoffire" "mystery" 1 1 1 0 0 0 1 1 1 1 1 0 1 1 0 0 1 0 0 0 1 1 1 1 0 0 0 0 0 1 0 1 0 0 0 0 1 1 0 0 1 0 0 0 0 0 1 0 1 0 0 1 0 1 0 0 0 0 1 0 0 0 1 0 1 0 0 0 0 0 0 1 1 1 1 1 0 0 0 0 1 0 0 0 0 0 0 1 0 0 1 0 1 0 1 0 0 0 1 1
"105" "theprotector" "mystery" 0 1 1 1 1 0 0 1 1 0 1 1 1 1 0 0 0 0 0 0 1 0 1 1 1 1 1 0 1 1 1 0 1 0 1 0 0 1 1 1 0 0 1 0 0 0 0 1 1 1 0 0 1 0 1 1 0 0 0 1 0 0 0 0 0 0 0 1 0 0 1 0 1 1 0 1 0 0 1 1 0 0 0 0 0 0 1 1 1 1 1 0 1 1 0 0 0 0 1 1
"106" "risforricochet" "mystery" 1 1 1 1 1 0 1 0 1 1 1 1 1 1 1 1 1 0 1 0 1 0 0 1 0 0 1 0 0 1 0 0 1 1 1 1 0 1 1 0 1 0 1 0 1 1 1 0 1 0 1 0 0 0 1 0 1 0 0 1 1 0 1 0 0 0 0 0 0 0 1 0 1 1 1 1 1 0 0 0 1 1 1 0 0 0 1 0 0 1 0 0 1 0 0 1 0 1 1 1
"107" "theruleoffour" "mystery" 1 0 0 0 0 0 0 0 1 1 1 1 0 1 1 0 0 0 0 1 1 0 1 0 0 0 1 0 0 1 0 1 1 1 1 1 1 1 1 0 1 1 0 0 1 0 0 0 1 0 0 0 0 1 1 1 0 1 0 1 0 0 0 0 1 0 1 1 1 0 1 1 1 1 0 1 0 0 1 0 1 1 0 0 1 0 1 0 0 0 1 1 1 0 1 1 0 0 1 0
"108" "stateoffear" "mystery" 1 1 1 1 1 0 0 0 0 1 1 1 0 0 1 0 0 0 1 0 0 0 0 0 1 1 0 0 1 1 0 1 0 0 0 0 0 1 0 0 0 0 0 0 0 0 0 1 1 0 1 0 0 0 0 1 1 1 0 0 0 0 0 0 0 0 0 1 1 0 0 0 1 0 1 0 0 0 0 1 1 0 0 0 0 0 0 0 1 1 1 0 0 0 1 0 0 0 1 0
"109" "toastingtina" "mystery" 1 1 1 0 0 0 1 0 0 0 1 0 1 0 1 1 0 0 1 0 0 0 0 1 0 1 0 0 0 0 1 1 0 0 1 1 0 1 1 0 0 0 0 0 0 0 0 1 0 0 1 0 0 0 0 0 0 0 0 1 0 0 0 0 0 0 0 0 0 0 0 0 0 0 0 1 0 0 0 0 1 0 0 0 1 1 1 0 0 0 0 0 1 1 0 0 0 0 0 1
"110" "sandstorm" "mystery" 0 0 0 0 1 0 0 0 1 0 1 0 0 0 0 0 0 0 0 0 1 1 1 1 0 0 0 0 0 0 0 0 0 0 1 1 0 0 0 0 0 0 0 0 0 0 0 1 0 1 1 0 0 0 0 0 0 0 0 0 0 1 0 0 0 0 0 0 1 0 0 0 0 0 0 1 0 0 0 0 1 0 1 0 1 0 0 0 0 1 0 0 1 1 0 0 0 0 0 0
"111" "splitsecond" "mystery" 0 0 1 1 0 0 1 0 1 0 1 1 1 1 1 0 0 0 1 1 1 0 0 1 0 1 0 0 1 1 0 0 1 1 1 1 0 1 1 0 1 0 1 0 0 1 0 0 1 0 1 1 1 0 1 0 1 0 0 1 0 0 0 0 0 0 0 0 0 1 0 0 1 1 0 1 0 1 1 1 1 1 0 0 0 0 1 0 0 0 0 0 1 0 1 0 1 0 1 1
"112" "steponacrack" "mystery" 0 0 0 0 0 0 1 0 1 0 0 0 0 0 0 0 1 0 1 0 1 0 0 0 0 0 1 0 1 0 0 0 1 0 0 1 0 0 0 0 1 1 0 0 0 0 0 0 0 0 1 0 1 0 0 0 0 0 0 0 0 0 1 0 0 0 0 1 0 0 1 0 0 1 0 0 0 0 1 1 0 0 1 0 0 0 0 0 0 1 0 0 1 0 0 0 0 0 0 1
"113" "stilllifewithcrows" "mystery" 1 0 1 0 1 1 0 0 1 1 1 1 0 0 0 0 1 0 0 0 1 0 1 1 0 1 0 1 0 1 1 0 1 0 0 0 0 0 0 0 1 0 0 1 0 0 0 1 1 1 1 0 0 1 0 0 0 0 0 1 0 0 0 1 0 0 1 0 0 0 1 0 1 0 0 1 0 0 1 0 0 0 1 0 0 0 0 0 0 0 0 0 0 1 0 0 0 0 0 0
"114" "templarlegacy" "mystery" 1 1 1 0 1 0 0 0 1 1 0 1 1 1 0 0 1 0 1 1 1 1 1 1 1 1 0 0 1 0 1 0 0 0 0 1 0 0 0 0 1 0 0 0 0 1 1 0 1 1 0 0 1 0 1 0 0 0 0 0 0 1 0 0 0 0 0 1 0 0 1 0 0 1 0 0 0 0 0 0 0 0 1 0 1 0 0 0 0 1 0 0 1 0 0 0 0 0 0 1
"115" "underorders" "mystery" 1 1 1 1 0 0 1 1 1 1 1 1 1 1 0 0 1 0 1 1 1 0 0 1 1 1 1 0 0 1 0 1 1 0 1 1 0 1 0 0 1 1 0 0 0 0 0 0 1 1 1 1 0 0 0 0 0 0 0 0 1 0 1 1 0 0 1 0 0 0 0 0 0 1 0 1 1 0 1 1 1 0 0 0 1 0 1 1 1 1 1 0 1 0 0 0 0 0 1 0
"116" "thevenetianbetrayal" "mystery" 1 1 0 1 0 1 1 1 1 0 0 1 1 0 0 0 1 1 0 0 1 1 1 0 1 1 0 0 1 0 1 1 0 0 1 1 0 1 0 0 1 0 0 1 0 1 0 0 1 0 1 0 1 0 0 1 0 0 1 0 1 1 0 1 1 0 1 1 1 0 1 1 0 0 0 0 0 1 0 0 1 1 0 0 1 0 1 1 1 1 0 0 1 0 1 0 0 0 1 0
"117" "whiskerofevil" "mystery" 1 1 1 0 0 1 1 1 1 1 1 1 0 1 1 0 0 0 1 1 1 0 0 1 1 0 1 1 0 1 0 0 1 0 1 1 0 1 0 0 0 1 1 1 1 1 0 1 1 0 0 0 0 0 1 1 1 0 1 1 0 0 0 1 0 0 1 1 0 0 1 0 0 0 1 1 1 1 0 0 0 0 0 0 0 0 1 0 1 0 1 1 1 0 1 0 1 0 0 0
"118" "whitehot" "mystery" 1 1 1 1 0 0 1 0 1 0 1 1 1 1 1 1 0 0 0 1 1 1 0 0 0 1 0 0 0 1 1 1 1 0 1 1 1 1 1 1 1 0 1 1 0 1 0 0 1 1 0 0 0 1 1 1 0 0 1 0 1 0 0 1 1 0 1 1 1 0 1 1 0 1 1 1 0 1 0 1 1 0 1 0 1 1 1 0 0 0 0 1 1 0 1 0 1 0 1 0
"119" "thezerogame" "mystery" 1 1 0 1 1 0 0 1 1 0 1 0 0 0 1 0 1 0 0 1 1 0 0 1 0 0 0 0 1 1 0 0 1 1 1 1 0 1 0 0 1 1 0 0 0 1 0 0 1 0 0 1 0 0 1 1 1 0 1 1 1 0 0 1 1 0 0 1 0 0 1 1 1 0 0 1 0 0 1 1 1 1 0 0 1 0 1 1 0 0 0 0 1 1 1 1 0 0 1 0
"120" "allegiance" "mystery" 1 1 1 1 1 0 0 0 1 1 1 1 1 1 1 0 1 0 1 0 1 0 0 1 1 1 1 0 1 1 0 1 0 1 1 1 0 1 1 1 1 1 1 0 1 1 0 1 1 0 1 0 0 1 0 0 0 1 0 1 0 0 1 0 0 0 0 1 0 1 0 0 1 1 0 1 0 0 0 1 1 0 0 0 1 0 1 1 0 1 1 0 1 1 1 0 1 0 0 1
"121" "theawakenedcity" "fantasy" 1 0 0 1 1 0 1 0 1 0 1 1 0 1 0 0 0 1 1 0 0 1 0 1 0 1 0 1 0 0 1 1 0 0 0 0 1 0 0 0 1 1 1 1 0 0 0 1 1 0 0 0 0 0 1 1 0 1 0 1 0 0 1 1 0 1 0 1 0 0 0 0 1 0 0 0 0 1 0 1 0 1 1 0 0 0 0 0 0 0 1 1 1 0 0 0 1 0 1 0
"122" "bloodcanticle" "fantasy" 1 1 1 1 1 1 0 1 0 0 1 1 1 1 1 1 0 1 1 1 1 1 0 0 0 1 1 1 1 0 0 0 1 0 1 1 0 1 1 0 1 1 1 1 1 1 1 1 1 0 1 0 0 0 1 0 0 0 1 0 0 0 1 1 1 0 0 1 0 0 1 0 0 1 1 1 1 1 0 1 1 0 1 0 0 0 1 1 0 1 0 1 1 0 0 0 1 1 0 1
"123" "breathofsnowandashes" "fantasy" 1 1 1 1 1 0 0 0 1 0 1 1 1 1 1 1 1 0 1 0 1 1 0 1 0 1 1 0 1 1 1 1 1 0 1 1 1 1 1 0 1 0 1 0 0 1 0 1 1 1 1 1 0 0 1 0 0 0 1 1 0 1 1 1 0 0 0 1 1 0 1 0 1 1 1 1 1 1 0 0 0 0 0 0 0 0 1 1 1 1 0 1 1 0 0 0 0 0 0 1
"124" "theburningland" "fantasy" 1 1 0 1 0 0 1 1 1 1 1 1 0 1 1 1 1 1 1 1 1 1 0 1 1 1 1 0 1 1 1 1 0 1 1 0 0 0 0 0 1 1 0 0 1 0 0 1 1 1 1 1 0 1 1 1 1 0 1 0 1 1 1 1 1 1 0 1 0 1 1 1 1 1 0 1 1 1 0 1 1 1 1 0 0 0 0 0 0 0 1 1 1 1 0 0 1 1 1 1
"125" "childrenofhurin" "fantasy" 1 0 1 0 1 0 1 0 0 0 1 1 0 0 1 0 0 1 0 0 1 0 0 1 0 0 0 0 0 0 0 0 0 0 1 0 0 1 1 0 0 0 0 0 0 1 0 0 0 0 0 0 0 1 0 0 0 0 0 0 0 0 0 0 0 0 0 0 0 0 0 0 0 1 0 0 0 0 0 0 0 0 0 0 0 0 0 1 0 0 0 0 1 0 0 0 0 0 0 0
"126" "counterfeitkings" "fantasy" 1 1 1 1 0 1 0 1 1 1 1 1 1 1 0 0 1 1 1 0 1 0 0 0 0 1 1 1 1 0 1 0 1 0 1 1 1 0 0 0 1 1 1 1 1 0 0 0 1 0 0 1 0 1 1 0 1 0 1 0 0 1 0 1 0 1 1 1 0 0 0 0 1 1 0 1 0 1 1 1 1 1 0 1 1 0 1 0 0 1 0 1 1 0 1 0 1 0 1 0
"127" "datesfromhell" "fantasy" 1 0 1 1 0 0 1 0 0 1 1 0 1 0 0 0 0 0 0 0 1 0 0 0 0 0 0 1 0 1 1 0 0 0 0 1 0 1 0 1 0 0 1 1 0 0 0 0 1 0 0 1 0 0 0 1 0 0 0 1 0 0 0 1 0 0 0 0 1 0 0 0 0 0 0 1 1 1 0 0 1 1 0 0 0 0 0 1 1 0 0 0 1 0 0 0 0 1 0 0
"128" "thedevilsarmor" "fantasy" 1 1 1 1 1 1 1 1 1 1 1 1 1 1 1 1 1 1 1 1 1 1 0 1 1 1 1 1 1 1 1 1 1 0 1 1 1 1 0 0 1 1 1 0 0 0 1 1 1 1 1 1 1 1 1 1 1 1 1 1 1 1 0 1 1 1 1 1 1 1 1 0 0 1 1 1 0 1 1 1 1 1 1 1 0 0 0 1 1 1 1 0 1 1 1 0 1 1 1 1
"129" "eragon" "fantasy" 1 1 1 1 1 0 0 1 1 1 1 1 0 1 1 0 0 1 1 1 1 1 0 1 0 0 0 0 0 0 1 0 0 0 1 0 1 0 1 0 1 0 1 0 0 0 1 1 1 1 0 0 0 0 0 0 0 0 0 1 0 0 1 1 1 0 0 1 1 0 1 0 1 1 0 0 0 0 0 0 0 0 0 0 0 0 1 0 1 1 0 0 1 0 0 0 1 0 0 0
"130" "forafewdemonsmore" "fantasy" 1 1 1 1 1 1 1 1 1 1 1 1 1 1 1 1 1 1 1 1 1 0 0 1 1 1 1 0 1 1 1 1 1 1 1 1 1 1 1 0 1 1 1 1 0 1 0 1 1 0 1 1 1 1 1 1 1 0 1 1 1 1 0 1 1 1 1 1 1 0 1 1 1 1 0 1 1 1 1 1 1 1 1 1 1 0 1 1 1 1 0 1 1 1 1 1 1 0 1 1
"131" "firstriderscall" "fantasy" 1 0 0 0 0 0 1 0 1 0 1 0 0 0 0 0 0 0 1 0 0 0 0 0 1 0 1 0 0 0 1 0 0 0 1 0 0 0 0 0 1 0 0 0 1 0 0 0 1 0 0 0 0 0 1 0 0 0 0 1 0 0 0 0 0 0 1 1 1 0 0 0 1 0 1 0 1 0 0 0 1 1 1 0 0 0 0 0 0 0 0 0 1 0 1 0 1 0 0 1
"132" "flinxsfolly" "fantasy" 1 1 1 0 0 0 0 0 1 0 1 1 0 1 1 0 0 0 1 0 1 0 0 1 0 0 0 0 1 0 0 1 0 0 0 0 1 1 1 0 0 0 0 0 0 0 0 0 0 0 0 1 1 0 0 0 1 1 0 0 0 0 0 0 0 1 0 1 0 0 1 0 0 1 0 1 0 0 0 0 0 0 0 1 0 0 0 1 0 0 1 0 1 0 1 0 0 0 1 0
"133" "flyte" "fantasy" 1 0 1 1 1 0 0 1 0 0 1 1 0 1 1 0 0 0 0 0 0 0 0 1 0 0 0 0 0 0 0 0 0 0 0 1 0 1 0 0 0 1 1 0 0 0 1 0 1 0 1 1 0 0 0 0 0 1 0 0 0 0 0 0 1 0 0 0 1 0 1 1 0 1 0 1 0 1 0 0 1 0 0 0 1 0 0 0 1 0 1 0 1 0 0 1 1 0 0 0
"134" "foreverodd" "fantasy" 1 1 1 1 1 0 1 1 1 1 0 1 0 1 1 0 1 0 1 0 1 0 1 1 0 1 1 1 0 1 1 0 0 0 1 1 0 0 0 0 0 0 1 1 1 1 0 1 0 0 1 1 0 0 1 0 0 1 0 1 1 0 1 1 1 0 1 1 1 0 0 0 1 1 0 1 0 0 0 1 1 1 0 0 0 0 1 1 0 0 1 0 1 0 1 0 0 0 1 0
"135" "thegodparticle" "fantasy" 1 0 0 0 1 1 1 1 0 0 1 0 0 1 0 1 0 1 0 0 1 0 1 1 0 0 0 0 1 0 1 0 0 1 1 1 0 1 0 1 1 0 0 0 1 0 1 1 1 1 0 1 1 0 0 0 1 1 1 0 0 0 1 0 0 0 0 1 0 0 1 0 1 1 1 1 0 1 0 0 1 0 0 0 0 0 0 1 0 0 0 0 1 1 0 0 0 0 1 1
"136" "aforestofstars" "fantasy" 0 0 1 1 0 0 0 0 1 1 1 1 0 0 1 0 1 0 0 0 1 0 0 1 1 0 0 0 1 0 1 0 1 0 0 0 0 1 0 0 0 1 0 1 0 0 0 1 0 1 0 1 0 0 0 0 0 0 0 1 0 0 1 0 0 0 0 0 0 0 0 0 0 0 0 0 0 0 0 0 0 0 0 0 1 0 0 1 0 0 0 0 1 0 0 0 1 0 1 1
"137" "fragilethings" "fantasy" 1 1 1 0 0 0 0 0 1 0 1 0 0 1 1 0 0 0 0 0 1 0 1 1 0 0 1 0 1 0 0 0 0 0 0 1 0 1 0 0 0 0 0 0 1 0 0 0 1 0 0 0 0 0 1 0 0 1 1 1 0 0 0 0 0 0 0 0 1 0 0 0 0 1 0 1 0 0 0 0 1 0 1 0 0 0 0 1 0 1 0 0 0 0 0 0 0 0 1 1
"138" "theharlequin" "fantasy" 1 1 1 1 0 1 1 1 1 0 1 1 1 1 1 1 0 1 1 0 1 0 1 1 0 1 0 1 0 1 0 0 1 1 1 1 1 1 0 1 0 1 0 1 1 0 0 1 1 0 1 0 1 0 1 0 1 0 0 1 0 0 0 0 0 0 0 1 0 1 1 1 1 0 1 1 1 1 0 1 1 0 0 0 1 0 1 1 0 0 0 0 1 0 0 0 1 0 1 1
"139" "ahatfullofsky" "fantasy" 1 0 1 0 0 0 0 1 1 0 1 0 0 0 0 1 0 0 0 0 0 0 0 0 0 1 1 0 0 0 1 0 1 0 1 0 0 1 0 0 1 0 0 0 0 1 0 1 1 0 1 0 0 1 0 0 0 1 0 1 0 0 0 0 0 0 0 1 0 0 0 0 1 1 0 1 1 0 0 0 1 1 0 0 0 0 1 0 0 0 0 0 1 0 1 0 0 0 0 0
"140" "haunted" "fantasy" 1 1 1 1 1 1 1 1 1 0 1 1 1 1 1 1 1 0 1 0 1 1 0 0 0 0 1 1 0 1 0 1 0 0 1 1 0 1 0 0 1 0 1 0 1 1 0 1 1 0 0 0 0 1 1 0 0 1 1 1 1 1 0 1 1 0 1 1 0 0 0 0 1 1 1 0 0 1 0 1 1 1 0 0 0 0 1 0 0 0 1 0 1 1 0 0 0 1 1 1
"141" "heartshapedbox" "fantasy" 1 0 0 0 0 0 1 1 0 0 0 0 1 0 0 1 1 0 0 0 1 1 0 0 1 0 0 0 0 1 0 0 0 0 0 1 0 0 0 0 0 1 0 0 0 1 0 0 0 0 1 0 0 0 1 0 0 0 0 0 0 0 0 0 0 1 0 0 0 0 0 0 1 0 0 0 0 0 0 1 1 0 0 0 0 0 1 0 0 1 1 0 1 0 0 0 1 0 1 0
"142" "thehistorian" "fantasy" 1 0 1 1 0 0 1 1 0 0 1 1 1 1 1 0 0 0 1 1 0 0 0 1 0 1 0 1 0 1 0 0 0 1 1 1 0 1 1 0 0 1 1 1 0 1 0 1 1 1 1 1 0 0 0 1 0 1 0 1 1 1 0 0 0 0 1 0 1 1 1 1 0 1 0 1 1 1 1 1 1 1 0 0 1 0 0 0 0 0 1 1 1 0 0 1 1 1 1 0
"143" "horizonstorms" "fantasy" 1 1 0 1 0 0 0 1 0 0 1 1 0 1 0 1 0 0 0 1 0 0 0 0 0 0 0 0 0 1 0 0 0 0 1 0 1 1 0 0 1 1 0 0 0 1 0 1 0 1 1 1 0 0 0 1 0 0 0 0 1 0 0 1 1 1 0 1 0 0 0 0 0 0 0 0 1 0 0 0 0 0 1 0 1 0 0 0 1 0 0 1 1 0 1 0 0 1 0 1
"144" "huntersofdune" "fantasy" 1 1 0 0 0 0 0 1 0 0 0 1 1 1 0 0 0 0 1 0 1 1 0 0 1 0 0 0 0 1 0 0 0 1 1 1 0 1 1 0 0 0 0 0 0 1 0 0 0 0 1 0 0 1 0 0 0 1 0 1 0 0 0 0 0 0 0 1 0 0 0 0 1 0 0 0 0 0 0 0 0 0 1 0 0 0 0 1 0 1 1 0 1 0 0 0 1 0 1 0
"145" "impossibleodds" "fantasy" 1 0 1 1 1 1 1 1 1 1 1 1 1 1 1 0 1 1 1 1 1 1 0 1 1 1 1 1 1 1 1 1 1 0 1 1 1 1 1 1 1 1 1 0 1 1 1 1 1 0 1 1 0 1 1 1 1 0 1 0 1 1 1 1 0 0 0 1 1 0 1 0 1 1 1 1 0 1 1 1 1 1 0 1 1 1 1 1 0 1 1 0 1 1 1 0 1 0 1 0
"146" "jaguarknights" "fantasy" 0 1 1 0 0 0 0 1 1 1 1 1 0 1 0 0 0 0 1 0 1 1 0 0 0 1 0 0 0 1 0 0 0 0 1 1 1 0 0 0 1 0 0 0 0 0 0 0 0 1 1 0 0 0 0 0 0 0 0 0 0 0 0 0 0 0 1 0 1 0 0 1 0 0 0 1 0 0 1 0 1 0 0 0 0 0 0 0 0 0 0 0 1 0 0 0 0 0 0 0
"147" "judasunchained" "fantasy" 1 0 1 0 1 1 1 1 1 0 1 1 1 1 1 0 0 0 1 0 0 0 0 1 1 1 0 1 1 1 0 0 1 1 1 1 1 1 0 0 1 0 1 0 1 0 0 0 1 0 0 1 1 1 0 0 0 1 0 0 1 0 0 1 0 1 0 1 1 1 0 0 1 1 1 1 1 1 1 1 0 1 0 0 1 0 1 0 1 0 1 0 1 0 1 0 0 0 1 0
"148" "kittygoestowashington" "fantasy" 1 1 1 0 1 0 0 1 0 1 1 1 0 1 0 1 0 1 0 0 0 0 0 1 0 0 0 1 1 1 1 0 1 1 0 1 1 1 0 1 0 1 1 0 0 0 0 0 0 0 1 0 0 1 0 0 0 1 0 1 1 0 0 1 0 0 1 1 1 0 0 1 0 0 0 1 1 0 0 1 0 0 0 0 0 0 0 1 0 0 1 0 1 0 0 0 0 0 1 0
"149" "kushielsscion" "fantasy" 1 1 1 1 1 0 0 0 1 1 1 1 1 1 1 0 0 1 1 0 1 0 0 0 1 1 1 1 1 1 0 1 0 1 1 0 0 1 1 0 0 0 0 0 1 1 0 1 1 1 1 0 0 1 0 0 0 0 1 1 0 0 1 1 1 1 0 1 0 0 0 0 1 1 1 0 0 1 1 1 0 0 1 0 0 0 1 0 1 1 1 1 1 1 0 0 1 0 1 1
"150" "thelakehouse" "fantasy" 1 0 1 0 1 0 1 0 1 0 0 0 0 0 0 1 0 0 0 0 0 1 0 0 1 0 1 0 0 1 1 0 0 0 0 1 0 1 1 0 0 0 0 1 0 0 0 1 1 0 0 0 0 0 0 0 0 0 0 1 0 0 0 0 0 0 0 1 1 0 0 0 0 1 0 0 0 0 0 0 1 1 0 0 0 0 0 0 0 0 1 0 1 0 0 0 0 0 0 0
"151" "makingmoney" "fantasy" 1 1 1 1 0 1 1 1 1 0 1 1 1 1 1 1 0 1 1 0 1 0 1 1 0 1 0 1 0 1 0 0 1 1 1 1 1 1 0 1 0 1 0 1 1 0 0 1 1 0 1 0 1 0 1 0 1 0 0 1 0 0 0 0 0 0 0 1 0 1 1 1 1 0 1 1 1 1 0 1 1 0 0 0 1 0 1 1 0 0 0 0 1 0 0 0 1 0 1 1
"152" "ancestorsofavalon" "fantasy" 1 1 1 1 1 1 0 1 1 0 1 1 1 1 0 0 0 1 1 0 1 1 1 1 1 1 1 1 0 1 1 1 0 0 1 1 0 1 1 0 1 1 0 0 1 1 1 1 1 1 1 0 0 1 1 1 0 1 0 1 0 1 0 1 1 0 0 1 1 0 1 0 1 1 1 1 1 1 0 1 0 1 1 1 0 0 0 1 0 0 1 1 1 1 0 0 1 1 1 1
"153" "metalswarm" "fantasy" 1 1 1 0 0 1 0 0 0 0 1 0 1 1 1 1 1 0 1 1 1 1 0 0 1 1 1 0 0 0 1 1 0 0 1 0 0 0 0 0 0 0 0 0 1 0 0 0 1 0 0 0 0 0 0 0 0 0 0 0 1 1 0 0 0 0 0 0 0 0 0 0 1 0 1 0 0 0 0 0 0 0 0 1 0 0 0 1 1 0 0 1 1 0 0 0 1 0 0 1
"154" "mistressofthepearl" "fantasy" 1 1 1 1 1 0 1 1 1 1 1 1 1 1 1 1 1 1 1 0 0 0 0 1 1 1 1 0 1 0 1 1 0 0 1 1 1 1 1 1 1 1 1 1 0 0 0 1 1 1 1 1 0 0 1 1 0 1 1 1 0 0 0 1 0 0 0 1 1 0 1 0 1 0 0 1 0 1 0 1 0 1 1 1 1 0 1 1 1 1 0 0 1 1 1 0 1 1 0 0
"155" "monstrousregiment" "fantasy" 1 1 0 1 1 0 1 1 0 0 1 0 0 1 1 1 0 1 1 0 1 0 0 1 1 1 1 0 1 1 0 1 1 0 0 1 0 1 0 1 1 1 1 1 0 0 0 1 1 0 1 1 1 0 0 1 0 1 0 0 0 0 0 1 0 0 0 0 1 1 0 1 0 0 0 1 0 0 0 1 1 1 0 0 1 0 1 0 1 1 1 1 1 0 1 0 0 0 1 1
"156" "ringworldschildren" "fantasy" 1 0 1 1 1 1 1 1 1 1 1 1 1 1 0 0 1 1 1 0 0 0 0 1 1 1 0 0 1 1 0 1 0 1 1 0 1 1 1 0 1 1 1 0 1 0 1 1 1 0 1 0 1 0 0 1 0 1 0 0 0 1 0 1 0 1 1 1 1 0 0 0 1 0 0 0 1 1 0 0 1 1 0 0 1 0 0 1 1 0 0 1 1 0 0 0 1 1 0 0
"157" "sandwormsofdune" "fantasy" 1 0 1 0 1 1 0 1 0 0 1 1 0 1 0 1 1 0 1 1 1 0 0 0 0 1 1 1 0 1 1 0 0 0 1 0 0 0 0 0 0 0 0 1 1 0 0 1 1 0 0 0 0 1 0 1 1 0 0 1 0 0 0 1 0 1 0 1 0 0 0 0 0 0 1 0 1 0 0 1 0 0 1 0 0 1 0 0 0 0 1 0 1 0 0 0 1 1 1 1
"158" "thescentofshadows" "fantasy" 1 1 1 1 1 0 1 1 1 0 1 1 1 1 1 0 1 1 1 0 1 0 0 1 1 0 1 0 0 1 1 1 0 0 1 1 0 1 0 0 1 1 0 0 1 1 0 1 1 0 1 1 0 0 0 0 0 0 1 1 0 1 0 1 1 0 0 1 1 1 1 0 1 1 1 1 1 0 0 0 1 1 0 0 0 0 0 0 0 0 0 1 1 1 0 0 1 1 1 1
"159" "seducedbymoonlight" "fantasy" 1 1 1 1 1 1 0 1 1 1 1 1 1 1 1 0 1 1 1 1 0 0 0 1 0 1 1 1 1 1 1 1 1 1 1 0 0 1 1 0 1 1 0 0 0 1 0 0 1 1 0 0 1 0 1 1 1 0 1 0 0 0 0 1 0 0 0 1 0 0 1 0 1 1 0 0 0 0 1 1 0 0 1 0 1 0 1 1 1 0 1 1 1 1 1 0 1 1 0 0
"160" "signoftheqin" "fantasy" 1 1 1 1 0 0 1 0 1 0 1 1 0 1 1 0 0 1 1 0 0 1 0 1 1 1 1 0 1 1 1 1 1 0 1 0 1 0 0 0 0 0 0 0 0 0 1 1 1 1 1 0 0 1 1 1 0 0 0 1 0 0 0 1 0 0 0 1 1 0 1 1 1 1 1 1 0 0 0 1 1 0 1 1 0 1 0 0 0 0 1 1 1 0 0 0 1 1 0 0
"161" "strokeofmidnight" "fantasy" 1 0 1 0 1 1 1 0 1 0 1 1 1 1 1 0 1 0 1 1 1 0 0 0 1 1 0 0 1 0 1 1 1 0 1 0 1 1 0 0 1 1 0 1 0 0 0 1 1 1 1 0 1 0 0 0 0 1 0 1 0 0 1 1 1 0 0 1 0 0 1 0 1 1 0 1 0 0 0 1 1 1 0 0 0 0 1 0 0 0 0 1 1 0 0 0 0 1 0 1
"162" "survivorsquest" "fantasy" 0 0 0 1 0 0 0 1 1 0 1 1 1 1 0 0 0 1 1 0 1 1 0 1 0 0 0 0 0 0 1 0 0 1 1 0 0 0 0 0 1 0 0 0 1 0 0 1 1 0 1 0 0 1 1 0 0 0 0 0 1 1 0 0 0 0 0 0 0 1 1 0 0 0 0 1 1 0 0 0 0 0 0 0 0 1 1 1 0 1 0 0 1 1 1 0 0 0 1 0
"163" "swordofangels" "fantasy" 1 1 1 0 1 1 1 0 1 0 1 1 1 0 0 0 0 1 1 1 1 0 0 1 1 0 0 1 1 1 1 1 0 1 1 0 1 1 0 0 1 0 1 0 1 0 0 1 1 0 1 1 1 0 1 1 1 0 1 1 0 0 1 0 1 1 0 1 1 0 0 0 0 0 0 1 1 0 0 1 0 0 1 1 0 0 1 0 0 0 1 0 1 0 0 0 1 0 1 1
"164" "talonofthesilverhawk" "fantasy" 1 1 1 1 1 0 1 1 1 1 1 1 0 1 1 1 1 1 1 0 1 1 0 1 0 1 1 1 1 1 1 1 1 0 1 0 1 1 1 1 1 1 1 1 1 1 1 1 1 1 1 1 0 1 0 1 0 1 1 1 1 1 0 0 1 1 0 1 1 1 1 0 1 1 0 1 1 1 1 1 0 0 1 0 0 0 0 1 1 1 1 1 1 0 0 0 1 1 1 1
"165" "thewave" "fantasy" 1 0 1 0 0 0 1 1 1 0 0 0 1 0 0 0 0 0 1 0 1 1 1 0 0 1 1 0 0 1 0 0 1 0 0 0 1 1 0 0 0 0 0 0 0 0 0 0 0 0 0 0 0 0 0 0 0 0 0 1 1 0 0 0 1 0 0 0 1 0 0 0 1 0 1 0 0 0 0 1 0 1 0 0 0 0 0 0 0 1 1 1 1 0 1 0 0 0 1 0
"166" "weefreemen" "fantasy" 1 0 0 1 1 1 0 0 1 1 1 0 0 1 1 1 1 0 0 0 1 0 0 0 0 0 1 0 0 0 1 1 0 0 1 1 0 1 0 0 1 1 1 0 0 0 1 0 0 0 1 1 0 0 1 1 0 0 0 1 0 1 0 0 0 0 0 1 0 1 1 0 1 0 0 0 1 1 0 0 0 1 0 0 0 0 0 0 0 1 0 0 1 0 1 0 0 1 1 0
"167" "wizardhunters" "fantasy" 1 1 1 0 1 1 0 1 1 0 1 1 1 1 1 1 0 0 1 0 1 1 0 1 1 0 1 0 0 1 0 0 0 1 1 1 1 1 1 0 1 1 0 1 0 1 1 1 0 0 1 1 1 0 1 0 0 0 0 1 1 1 1 1 0 0 0 1 1 1 0 1 0 0 1 0 0 1 0 1 1 1 1 0 0 0 1 1 0 0 0 1 1 0 0 1 1 1 1 1
"168" "alibi" "fantasy" 1 0 1 0 1 0 1 0 1 1 1 1 0 1 0 1 1 0 0 0 0 1 1 0 0 0 1 0 0 1 1 1 1 0 0 1 1 0 0 0 0 1 0 1 0 1 0 0 1 1 0 0 0 0 0 1 1 0 0 1 1 0 1 1 0 1 1 0 1 0 0 1 0 0 0 1 1 0 0 0 1 1 0 0 1 0 1 1 0 0 0 1 1 0 0 0 0 0 0 0
"169" "allheeverwanted" "general" 1 1 1 1 1 0 1 1 1 0 1 1 1 1 1 0 1 1 1 1 1 1 1 1 1 1 1 0 1 1 1 1 1 0 1 1 1 1 1 1 1 0 0 1 1 1 0 1 1 0 1 1 1 1 0 1 1 1 1 1 0 0 1 1 0 1 1 1 1 0 0 0 1 1 0 1 1 1 0 1 1 0 1 0 0 0 1 1 1 1 1 1 1 1 1 1 1 1 0 1
"170" "anansiboys" "general" 1 0 1 0 1 1 0 0 1 0 1 1 1 0 0 0 1 0 0 0 1 0 1 0 0 1 0 0 0 1 0 0 0 1 1 0 0 1 0 0 1 0 0 0 0 1 0 0 0 0 0 0 0 0 0 0 0 0 0 1 0 0 0 0 1 1 0 0 1 0 0 0 1 0 0 0 0 0 0 1 1 0 0 0 0 0 0 0 0 0 1 1 1 0 0 0 0 0 1 0
"171" "anonymouslawyer" "general" 1 0 1 1 0 0 1 1 1 1 1 1 1 1 1 1 1 1 1 1 0 1 0 1 0 1 1 0 0 1 0 0 1 0 1 1 0 1 0 0 1 1 1 0 1 1 0 0 1 0 1 0 0 1 0 0 1 1 0 1 1 0 0 0 0 0 0 1 1 0 0 1 0 0 1 1 1 0 0 1 1 1 0 0 1 0 1 1 0 0 1 1 1 1 0 0 0 0 1 0
"172" "bangkok8" "general" 0 1 0 1 0 1 0 0 1 0 1 0 0 1 0 1 1 0 1 0 1 0 0 1 1 0 1 0 0 0 0 0 0 0 0 0 0 1 0 1 1 0 0 0 1 0 0 1 1 0 0 0 0 1 1 0 0 1 0 1 0 0 0 0 0 0 1 1 0 0 0 0 1 0 0 0 0 0 0 0 0 0 1 0 1 0 0 0 0 0 0 0 1 0 0 0 0 0 0 1
"173" "bergdorfblondes" "general" 0 1 1 0 0 0 1 1 0 1 1 0 1 0 0 0 0 0 0 0 1 0 1 0 0 0 0 0 0 1 0 1 1 0 0 1 0 1 0 1 0 1 0 0 0 1 0 0 0 0 0 0 0 0 0 0 0 1 0 1 1 0 0 0 1 0 0 1 1 0 0 0 0 1 1 0 1 0 1 0 1 0 0 0 0 0 0 1 0 0 0 0 1 0 0 1 0 0 1 1
"174" "betweensisters" "general" 1 0 1 0 0 1 0 1 0 0 1 1 1 1 1 1 1 1 1 1 1 0 1 1 1 1 1 0 0 1 0 1 0 0 1 1 0 1 1 0 0 0 1 0 0 1 0 0 1 0 0 0 0 1 1 1 0 1 0 0 1 0 0 0 0 0 0 0 1 0 1 0 1 1 1 1 0 1 0 0 1 1 0 0 1 0 1 0 1 1 0 1 1 0 1 0 0 1 1 0
"175" "thebooksellerofkabul" "general" 1 0 1 0 1 0 1 1 1 0 1 1 1 0 0 0 0 1 0 0 1 0 0 1 0 0 0 0 0 1 0 0 0 0 1 0 0 1 0 1 0 1 1 0 0 1 0 0 1 0 0 0 0 1 0 1 0 0 0 0 0 0 0 0 0 0 0 1 0 0 1 0 1 0 1 1 0 0 0 0 0 1 0 1 1 0 0 0 0 0 1 1 1 0 1 0 1 0 1 0
"176" "thechoice" "general" 1 1 1 1 0 0 1 1 1 1 1 1 1 1 1 1 1 1 1 1 1 0 0 1 1 1 1 0 1 1 1 1 1 1 1 1 1 1 1 0 1 1 1 1 1 1 1 1 1 1 1 1 0 1 1 1 1 1 1 1 1 0 1 1 1 1 0 1 1 0 1 0 1 1 1 1 1 1 1 1 0 0 1 1 1 1 1 0 1 1 0 0 1 1 1 0 1 0 1 1
"177" "christthelord" "general" 1 1 1 1 1 0 1 0 1 0 1 1 1 0 0 0 0 1 1 1 0 0 1 0 0 1 0 0 0 1 1 0 1 0 1 1 0 0 0 0 1 0 1 0 0 1 0 0 1 0 1 0 0 0 1 0 0 0 1 0 0 1 0 1 0 1 0 1 0 0 0 0 1 1 0 1 0 1 0 0 1 1 0 0 0 0 1 0 1 1 0 1 0 0 0 0 0 1 1 0
"178" "coldmountain" "general" 1 0 1 1 1 0 1 1 1 1 1 0 0 0 0 0 1 0 0 0 1 1 0 1 1 1 1 0 0 1 1 1 1 0 1 1 1 0 1 0 1 1 1 1 0 1 1 1 1 0 1 1 1 1 0 1 0 0 1 1 1 1 0 1 0 0 1 1 1 0 1 1 1 1 0 1 1 0 1 1 1 0 1 0 1 0 1 1 1 1 1 1 1 1 0 0 1 0 1 0
"179" "dogsofbabel" "general" 0 1 1 0 1 1 1 1 1 1 1 1 1 1 0 0 0 1 0 0 1 0 0 1 1 1 0 0 0 1 1 1 1 0 0 1 0 0 1 0 1 0 0 0 0 1 0 1 0 1 1 0 0 0 1 0 0 0 0 0 1 0 1 0 0 0 0 0 1 0 0 1 0 0 0 1 0 0 0 1 1 1 0 1 1 0 0 0 1 1 0 0 1 0 0 1 0 0 1 0
"180" "everyoneworthknowing" "general" 0 1 1 0 0 0 1 0 1 0 1 1 1 1 0 0 1 0 0 1 1 0 0 1 0 0 0 0 0 0 0 1 1 0 0 1 0 1 0 0 1 1 0 1 0 1 0 1 1 0 0 1 0 1 1 1 0 1 0 1 1 0 1 0 1 0 1 0 1 0 0 0 1 0 1 0 0 0 0 1 1 0 0 0 0 0 1 1 1 0 0 1 1 0 0 0 0 0 1 0
"181" "empressorchid" "general" 1 1 0 1 0 1 1 1 1 0 1 1 1 0 1 0 0 1 1 0 1 1 0 1 0 1 0 0 0 1 1 1 0 0 1 0 0 1 0 1 1 0 0 1 1 1 0 1 1 1 1 0 0 1 1 1 0 0 1 0 1 0 0 0 0 1 1 1 1 0 1 1 1 1 1 1 0 0 0 1 0 0 0 1 1 0 1 1 0 0 1 1 1 1 1 0 0 1 1 1
"182" "thefeastofroses" "general" 1 1 1 1 0 1 0 0 1 0 1 1 1 1 1 0 1 1 1 0 1 0 1 1 0 1 1 0 1 1 1 1 0 1 1 0 1 0 0 0 1 1 1 1 0 0 1 0 1 1 1 0 0 0 0 1 0 1 1 1 0 1 1 1 1 0 0 1 1 0 0 1 1 1 0 1 1 1 1 1 0 0 0 0 1 1 1 1 1 1 0 1 1 0 1 0 1 1 0 1
"183" "thefinalsolution" "general" 0 0 0 0 0 1 0 0 1 0 1 0 0 1 0 0 0 0 1 1 1 0 0 0 1 1 0 0 0 0 1 1 0 1 1 1 1 0 0 0 1 0 0 0 0 0 1 1 1 0 0 0 0 0 0 0 0 0 0 1 0 0 0 0 0 0 1 1 0 0 1 0 1 1 0 0 0 0 0 0 1 1 0 0 0 0 1 0 0 0 0 0 1 0 0 0 1 0 0 0
"184" "fivepeopleyoumeetinheaven" "general" 1 1 1 1 1 1 1 1 1 0 1 1 1 1 1 1 0 1 1 1 1 1 0 1 1 1 1 1 1 1 1 1 1 1 1 0 1 0 0 0 1 1 1 0 0 0 0 1 0 1 1 1 0 1 1 1 0 1 1 1 1 1 1 1 1 1 0 1 1 0 1 0 0 0 1 1 0 1 1 1 0 0 1 0 1 1 1 1 1 0 1 1 1 0 0 0 1 0 1 1
"185" "foronemoreday" "general" 1 1 1 1 0 0 1 0 1 0 1 0 1 1 1 0 0 0 1 0 0 0 0 1 0 1 1 0 0 1 0 0 1 0 1 1 1 0 0 0 1 0 0 0 0 1 0 1 1 1 0 0 1 1 0 1 1 1 1 0 0 0 0 0 0 0 1 1 0 0 1 0 0 1 0 1 0 0 1 1 0 1 0 0 0 0 1 0 0 1 1 1 1 0 1 0 0 0 1 1
"186" "thegargoyle" "general" 1 0 0 1 1 1 0 0 1 0 1 0 0 1 1 0 1 1 1 1 1 1 0 1 0 0 1 0 0 0 1 1 0 0 1 1 0 1 0 0 1 0 1 1 0 0 0 1 1 1 0 1 0 1 1 1 0 1 1 1 0 0 1 0 0 0 0 1 1 0 1 1 1 1 0 1 1 0 1 0 0 0 1 0 1 0 0 1 1 1 1 0 1 1 0 0 1 0 1 1
"187" "goodfaith" "general" 1 0 1 1 0 0 1 0 1 1 1 1 1 1 0 1 1 0 1 0 0 0 0 1 0 1 1 1 0 1 0 0 1 0 1 1 1 1 1 0 0 0 1 0 0 1 0 1 0 1 0 0 0 1 1 1 1 0 0 0 1 0 0 0 0 1 0 0 1 0 1 1 1 1 0 1 0 0 0 1 1 0 1 0 1 1 1 0 0 0 0 1 1 1 0 0 0 0 1 1
"188" "agoodyear" "general" 1 0 1 0 1 0 0 0 1 1 0 1 0 0 1 0 0 0 1 0 1 0 0 1 0 0 0 0 0 1 1 0 1 0 1 1 1 1 0 0 0 0 0 1 0 1 0 1 0 0 1 0 1 1 0 1 0 0 0 0 0 0 1 0 0 0 0 1 0 0 0 0 1 0 0 1 0 0 0 0 0 1 0 0 1 0 0 0 0 1 1 0 1 1 0 0 0 0 1 0
"189" "theguardian" "general" 1 0 1 0 0 0 1 0 1 1 1 1 1 1 1 1 1 0 1 1 0 0 1 1 1 0 1 0 0 1 0 1 1 0 1 1 1 1 0 0 1 1 0 0 1 1 0 1 1 0 1 0 0 1 1 0 1 1 1 1 1 0 0 1 0 0 0 1 1 0 1 0 1 0 0 1 1 1 1 1 1 1 1 0 1 0 1 0 1 1 0 0 1 1 1 0 0 1 1 1
"190" "hadrianswall" "general" 1 0 0 0 1 0 0 1 0 0 1 1 1 0 0 1 0 0 1 0 1 1 0 1 0 0 1 0 0 1 0 0 1 0 0 0 1 1 0 1 0 0 0 0 1 0 0 0 0 0 0 0 0 0 0 0 0 1 0 1 0 0 0 0 1 0 1 0 1 0 0 0 0 0 0 0 1 0 0 1 0 0 1 0 0 0 0 0 0 0 1 1 0 0 0 0 0 0 0 1
"191" "indahliaswake" "general" 1 0 1 1 1 1 1 1 1 1 1 1 1 1 1 1 1 0 1 1 1 1 1 1 0 1 1 0 1 1 0 1 1 0 1 1 1 1 1 0 0 0 1 1 1 1 0 1 1 0 0 1 0 0 0 1 0 1 0 1 1 0 0 1 0 1 0 1 0 0 1 1 1 1 1 1 1 0 1 0 1 1 1 0 1 0 1 1 0 1 0 0 1 0 1 1 1 1 1 0
"192" "innocenttraitor" "general" 0 0 0 1 1 0 0 0 1 0 1 0 0 1 1 0 0 1 0 0 1 0 0 1 0 0 0 0 0 1 1 1 0 0 1 0 0 0 0 0 0 1 0 0 0 1 0 0 0 0 0 1 0 0 1 1 0 0 0 0 0 0 0 0 0 0 0 0 0 0 0 0 0 0 1 1 0 0 0 0 1 0 1 0 0 0 0 1 0 1 1 0 1 0 0 0 1 1 1 1
"193" "ireland" "general" 1 0 1 1 1 0 0 0 0 1 1 1 0 0 1 0 0 1 0 0 1 1 0 1 1 1 1 0 0 1 0 0 0 0 1 1 1 0 1 0 1 0 1 0 0 1 1 0 1 1 0 0 0 0 0 0 0 1 0 0 0 0 0 1 0 1 1 0 1 0 0 0 1 1 0 1 0 1 0 1 0 1 0 0 0 0 0 0 0 0 0 1 1 0 0 0 1 1 1 1
"194" "jonathanstrange" "general" 1 1 1 1 1 0 0 1 1 0 1 1 1 0 1 0 0 0 1 0 1 1 0 1 0 1 1 0 1 1 1 1 0 0 1 0 1 1 0 0 1 0 1 1 1 0 1 0 1 1 1 0 0 0 0 1 0 0 1 1 0 1 0 1 0 0 0 0 1 0 0 0 1 1 0 1 0 0 0 1 1 0 1 0 0 1 0 0 0 1 1 0 1 0 1 0 0 0 1 0
"195" "theknownworld" "general" 1 0 0 1 1 1 1 0 1 0 0 1 0 1 1 0 0 0 1 0 1 0 0 0 0 1 0 0 0 1 0 1 0 0 1 0 0 0 0 0 0 1 0 0 0 0 0 0 0 0 0 0 0 0 1 1 0 0 1 1 0 0 0 0 0 1 0 0 1 0 1 0 0 1 0 0 0 1 0 0 0 0 1 0 0 0 0 0 0 1 1 0 1 1 1 0 1 0 0 1
"196" "ladyandtheunicorn" "general" 1 1 1 1 1 1 0 1 1 1 1 1 1 1 1 1 0 1 1 1 1 1 0 1 1 1 1 0 1 1 0 1 1 0 1 1 1 1 0 1 1 1 1 1 0 1 1 1 1 0 1 1 1 1 1 0 1 0 1 1 1 1 1 1 1 0 1 1 1 0 1 1 0 1 1 1 1 0 1 1 1 1 1 0 1 0 1 1 1 1 1 1 1 0 1 0 1 1 1 1
"197" "lipstickjungle" "general" 1 1 1 1 1 0 1 1 1 1 1 1 1 1 1 1 1 1 1 1 1 0 0 1 0 1 1 1 0 1 1 1 1 1 1 1 0 1 1 0 1 1 1 0 1 1 0 1 1 1 1 1 1 1 1 0 0 1 1 1 1 0 0 0 1 1 0 1 1 0 1 0 1 1 1 1 1 0 1 1 0 0 1 0 1 0 1 1 1 1 1 0 1 1 1 0 1 1 1 1
"198" "themermaidchair" "general" 1 1 1 0 0 0 1 0 1 1 1 1 0 1 1 0 0 0 1 0 0 1 1 1 1 1 0 0 1 1 1 0 1 0 1 0 1 1 0 0 1 0 1 1 0 1 0 0 0 0 1 0 0 1 0 1 0 1 0 1 0 0 1 1 0 0 1 1 1 0 0 1 1 1 1 0 0 1 0 0 1 1 0 0 1 0 1 0 0 1 0 1 1 0 1 0 1 0 1 1
"199" "messiahofmorrisavenue" "general" 1 0 1 0 0 0 0 1 0 0 1 1 1 1 0 0 1 1 0 0 1 0 0 0 0 0 1 0 0 1 1 1 0 0 0 0 0 1 1 0 1 1 0 0 0 0 0 0 1 1 0 0 0 1 1 1 0 1 0 1 0 0 1 1 1 0 0 1 1 0 0 0 0 0 0 1 0 0 0 0 0 1 0 1 0 0 1 0 0 1 1 1 1 0 1 0 0 0 1 1
"200" "mylifewithcorpses" "general" 0 1 0 0 0 0 1 0 0 0 1 1 0 1 1 1 0 0 0 0 1 0 0 1 0 0 0 0 0 0 0 0 0 0 0 0 0 1 0 0 0 0 0 0 1 0 0 0 0 0 1 0 0 0 0 0 0 0 0 1 0 0 0 0 0 0 0 0 0 0 0 1 0 0 0 0 0 0 0 0 0 0 0 0 0 0 0 0 1 0 0 1 1 0 0 0 0 1 0 0
"201" "neverletmego" "general" 1 1 1 0 0 1 0 0 0 1 1 1 1 1 0 1 0 1 1 1 0 0 0 1 0 1 1 0 1 1 0 1 1 0 1 0 0 1 0 1 1 1 0 0 1 1 0 1 1 1 0 0 0 1 1 0 0 1 0 0 1 0 0 1 1 0 0 0 0 1 0 0 0 1 0 1 1 0 1 1 1 0 0 0 0 1 0 1 0 1 1 0 1 0 1 1 0 0 1 0
"202" "nighttimeismytime" "general" 1 1 1 0 1 0 1 1 1 0 0 1 0 1 0 0 0 1 0 1 1 0 1 1 1 1 1 0 1 1 0 1 0 0 1 1 1 1 0 0 1 0 1 0 1 1 0 1 1 0 1 1 0 0 1 1 0 0 1 0 0 0 0 1 0 0 1 1 1 0 0 0 0 0 0 1 0 0 0 0 1 0 0 0 0 0 1 1 0 1 1 0 1 0 0 0 0 0 1 1
"203" "nineteenminutes" "general" 1 1 1 1 1 1 1 1 1 1 1 1 1 1 0 1 1 1 1 1 1 1 0 1 1 1 1 1 1 1 1 1 1 0 1 1 1 1 0 0 1 1 1 1 1 1 1 1 1 1 1 1 1 1 1 1 1 1 1 1 1 1 1 1 1 1 1 1 1 0 1 1 1 1 1 1 1 1 1 1 1 1 1 1 1 1 1 1 1 1 1 1 1 1 1 0 1 1 1 1
"204" "nowisthetime" "general" 1 0 1 0 0 0 1 0 1 0 1 1 0 1 1 0 0 0 0 0 1 0 0 0 0 0 1 0 0 1 0 1 0 0 0 1 0 0 0 0 0 0 0 0 1 1 0 0 0 0 1 0 0 0 1 0 0 0 0 1 0 0 1 0 0 1 1 0 0 1 0 0 1 1 0 0 0 0 0 0 1 1 0 0 0 0 1 0 0 1 0 0 1 0 0 0 0 1 0 0
"205" "oliviajoules" "general" 1 1 1 0 1 0 1 1 1 1 1 0 0 1 1 1 0 0 1 0 1 1 0 1 1 0 0 1 1 1 1 0 1 0 1 1 0 1 1 1 1 1 1 1 1 1 0 1 1 0 1 1 0 0 0 1 0 1 0 1 0 1 1 1 1 1 1 1 1 0 1 0 1 1 1 1 1 1 1 1 1 1 0 0 1 0 1 1 1 1 1 1 1 0 1 0 0 0 1 1
"206" "onefifthavenue" "general" 0 0 0 0 0 0 0 1 1 0 1 1 1 1 1 1 0 0 1 0 0 0 1 0 0 1 0 0 0 1 0 1 1 0 0 1 0 1 0 0 0 0 0 0 0 1 0 0 1 1 0 0 0 0 0 0 1 1 0 0 0 0 0 0 0 0 0 0 0 0 0 0 1 1 0 0 1 0 1 0 1 1 0 0 1 0 0 0 1 1 1 0 1 1 1 0 1 0 0 1
"207" "ourkind" "general" 1 1 1 1 0 0 0 1 1 1 1 1 1 1 1 0 0 1 1 0 1 0 0 1 1 1 0 1 0 1 1 0 1 0 1 1 1 0 0 0 1 0 1 0 1 1 1 0 1 1 1 1 0 0 1 1 1 1 1 0 0 1 0 1 0 1 1 1 0 0 1 0 1 1 0 0 1 0 0 1 1 1 1 0 1 1 1 1 1 0 0 1 1 1 1 0 1 0 1 1
"208" "thephotograph" "general" 1 0 0 1 1 0 0 0 1 1 1 1 0 1 0 1 0 0 1 0 1 0 0 0 0 0 0 0 0 0 0 0 1 0 1 0 0 1 0 0 1 1 0 0 0 1 0 1 1 0 0 0 0 1 0 0 0 1 0 0 0 0 0 0 0 0 0 1 0 0 0 1 1 1 0 0 0 0 0 0 0 1 1 0 1 0 0 0 0 0 1 0 1 1 1 0 0 0 1 1
"209" "playingforpizza" "general" 1 1 0 1 1 1 1 1 1 1 1 1 1 1 1 1 0 0 1 1 1 1 0 1 1 1 0 0 1 1 0 1 1 1 1 1 1 1 0 1 1 0 1 0 0 0 0 1 1 0 1 1 0 1 1 0 1 1 0 1 1 0 0 1 1 0 1 0 0 1 1 1 0 1 0 1 0 1 0 0 1 0 1 0 1 0 1 1 0 1 0 0 1 0 1 0 0 0 1 0
"210" "plotagainstamerica" "general" 0 0 0 0 1 0 1 0 1 1 1 1 0 1 1 1 0 0 1 0 1 0 1 0 0 0 0 0 0 1 1 1 1 0 0 0 0 0 0 0 1 1 0 0 0 1 0 1 1 0 0 0 1 0 0 0 0 0 0 1 1 0 0 0 0 1 1 1 1 0 0 1 0 0 0 0 0 0 1 0 0 0 0 0 0 0 1 0 0 1 1 1 1 1 1 1 0 1 0 1
"211" "postcardsfromberlin" "general" 1 0 0 1 1 1 1 0 1 1 1 1 0 1 0 1 1 1 0 1 1 1 0 0 0 0 0 0 1 1 1 1 1 0 1 1 1 1 0 0 1 1 1 0 0 1 1 1 1 1 1 0 1 1 0 1 0 1 1 1 0 0 1 1 0 1 1 1 1 0 1 1 1 1 1 1 0 0 1 0 1 0 0 1 1 0 1 0 0 1 1 0 1 0 0 1 1 1 1 1
"212" "prep" "general" 1 1 1 1 0 0 1 1 1 1 1 1 1 1 1 1 0 0 1 0 1 0 0 1 1 1 0 0 1 1 1 1 0 0 1 1 0 1 1 1 1 0 1 1 0 1 0 1 1 0 1 0 0 1 0 1 0 1 0 0 1 0 0 1 0 0 1 1 1 0 0 1 1 1 1 0 0 0 1 0 1 1 0 0 0 0 1 1 1 1 0 1 1 0 1 1 1 0 1 1
"213" "theprobablefuture" "general" 1 1 1 1 1 0 1 1 1 1 1 1 0 1 1 1 1 0 1 0 1 0 1 1 0 1 0 0 0 1 0 1 1 1 1 1 1 1 0 1 1 0 0 1 0 1 0 1 1 1 1 1 0 0 1 0 0 0 1 1 1 0 0 1 0 1 1 1 1 0 1 0 1 1 1 1 0 0 0 0 0 1 1 0 0 0 0 0 1 0 1 0 1 0 0 0 0 1 1 1
"214" "thereluctantfundamentalist" "general" 0 1 1 0 0 0 0 0 0 0 0 1 0 0 1 1 1 0 0 0 1 0 0 0 0 0 1 0 0 1 0 0 0 0 1 0 0 1 0 0 0 0 0 0 0 0 0 0 0 1 0 0 0 0 0 0 0 0 0 0 0 0 1 0 0 0 0 1 0 0 0 0 0 0 0 0 0 0 0 1 1 0 0 0 1 0 0 0 0 0 1 0 1 0 0 0 0 0 1 0
"215" "asaintmoreorless" "general" 1 1 1 1 0 0 0 1 1 0 1 1 1 1 1 0 0 0 1 0 1 0 1 1 0 1 1 0 0 1 1 0 0 0 1 1 0 1 1 1 1 1 1 0 0 1 0 1 1 0 1 0 0 0 1 0 1 1 1 0 1 0 1 0 1 1 0 1 0 0 0 0 0 0 1 1 1 0 0 1 0 0 0 0 0 0 1 0 0 0 1 1 1 1 1 0 1 0 1 1
"216" "saltypieceofland" "general" 1 1 1 1 1 1 1 1 1 0 1 1 1 1 1 0 0 0 1 0 1 0 1 1 0 1 0 0 1 1 1 1 1 1 0 1 0 1 0 0 1 0 1 0 0 1 0 0 1 1 0 0 0 0 0 1 1 1 0 1 1 1 0 1 0 0 1 0 1 0 0 0 0 0 0 1 1 0 0 1 1 0 0 0 1 0 0 0 0 1 1 1 1 0 0 0 1 0 1 1
"217" "samsletterstojennifer" "general" 0 0 0 0 0 1 0 0 0 1 0 0 0 1 0 0 0 0 0 0 1 0 0 0 0 0 1 0 0 0 0 1 1 0 0 0 1 1 0 0 0 0 1 1 0 0 0 1 0 0 0 0 0 0 1 0 0 0 0 1 1 0 0 0 0 0 0 0 1 0 0 0 0 0 0 1 1 0 0 0 0 0 1 0 0 0 0 0 0 0 0 0 0 0 0 0 0 0 0 1
"218" "sarah" "general" 1 1 1 1 1 1 0 1 1 0 1 1 0 1 1 0 1 1 1 1 1 0 0 1 0 1 1 0 0 1 1 0 1 0 1 1 0 1 0 0 1 1 0 0 0 1 0 1 1 1 1 0 0 1 0 1 1 0 1 1 0 1 0 1 0 0 0 1 1 0 1 0 1 1 1 1 0 1 0 0 1 0 0 0 1 0 1 1 0 0 0 1 1 0 0 0 1 1 1 1
"219" "shalimartheclown" "general" 1 1 1 0 1 0 0 0 1 1 1 1 1 1 1 1 0 0 0 0 1 0 1 1 1 1 1 0 0 1 1 1 0 0 1 1 1 1 0 0 0 0 0 0 0 0 0 1 1 1 1 0 1 1 0 0 0 0 0 1 0 0 1 1 1 1 0 1 1 0 1 0 1 1 0 1 0 1 1 1 0 0 1 1 0 1 0 1 0 0 1 1 1 0 0 0 0 1 1 1
"220" "shootthemoon" "general" 0 0 1 0 1 0 1 1 0 1 1 0 1 1 0 0 1 0 1 0 0 0 0 1 0 0 1 0 0 0 1 0 0 0 0 1 0 0 0 0 0 1 1 0 0 0 1 1 0 0 1 0 0 0 1 0 0 0 0 0 1 0 0 0 0 0 1 0 1 1 0 0 0 1 0 0 0 1 1 1 1 0 0 0 0 0 1 0 0 1 0 0 1 0 0 0 0 0 0 1
"221" "skinnydip" "general" 0 1 0 0 1 1 1 1 1 0 1 1 0 1 0 1 0 1 1 0 1 0 1 1 1 1 1 0 0 1 1 1 1 0 1 1 0 0 0 1 1 0 0 0 0 0 0 0 0 0 1 0 0 0 1 1 0 0 0 0 0 0 1 1 0 0 0 0 1 0 1 1 1 0 0 0 1 0 0 0 0 1 1 0 1 0 0 0 1 0 1 0 1 0 0 0 0 0 0 1
"222" "aspotofbother" "general" 1 1 1 1 1 0 1 0 1 0 1 1 0 1 1 0 1 0 1 0 1 0 0 1 0 0 1 1 1 1 0 1 1 1 1 0 0 1 1 0 1 0 1 1 0 1 1 0 1 0 1 0 0 0 1 1 0 1 1 0 1 0 0 1 0 1 1 1 1 0 0 0 1 1 0 1 0 1 1 1 1 0 0 0 0 0 1 0 0 1 1 0 1 0 1 0 0 0 1 1
"223" "star" "general" 1 1 1 1 1 1 1 1 1 1 1 1 1 1 1 1 0 1 1 1 1 1 1 1 1 1 1 1 1 1 1 1 1 0 1 1 1 1 0 0 1 1 1 1 1 1 0 1 1 0 1 1 1 1 1 1 1 1 1 1 1 0 1 1 1 0 0 1 1 1 1 0 0 1 1 1 0 0 1 1 1 1 1 0 0 1 1 1 1 1 1 1 1 1 1 0 1 0 1 1
"224" "sweetwater" "general" 1 1 1 1 1 0 1 0 1 1 1 1 1 1 1 0 0 1 1 0 1 0 0 0 0 1 0 0 1 1 1 0 0 0 1 1 0 0 1 0 1 0 0 0 0 1 0 0 0 1 1 0 0 0 0 1 1 1 1 1 1 1 0 1 0 1 1 1 0 0 0 0 0 1 0 1 0 1 0 0 1 1 1 0 1 0 1 1 0 1 1 1 1 1 0 0 1 1 1 0
"225" "thetenthcircle" "general" 1 0 1 0 0 0 1 1 0 0 1 1 1 1 0 0 0 1 1 0 1 0 0 1 1 1 1 0 0 1 1 0 0 0 0 0 1 1 1 0 1 0 1 1 0 0 1 1 0 0 1 1 0 1 0 1 1 1 1 1 0 0 1 0 0 1 0 1 0 0 1 0 0 0 0 0 0 1 1 1 0 0 1 0 0 1 1 1 1 0 0 1 1 1 1 0 0 1 0 0
"226" "thirteenmoons" "general" 1 0 1 0 1 0 1 1 1 0 1 1 0 1 0 0 1 1 1 0 1 1 0 1 0 0 1 0 0 1 1 0 1 0 1 1 0 0 0 1 1 1 0 0 1 1 0 0 1 0 0 0 0 0 1 0 0 1 1 1 0 0 1 1 1 0 0 0 1 0 1 1 1 1 1 1 0 0 0 0 1 0 1 0 0 0 1 0 1 1 1 1 1 0 1 0 1 1 0 0
"227" "thethirteenthtale" "general" 1 0 0 1 1 0 1 0 1 1 1 1 0 1 0 1 1 0 1 0 1 1 1 1 1 0 1 1 0 1 1 1 0 1 1 1 1 1 1 0 0 1 1 0 0 0 0 1 1 1 1 1 0 1 1 1 0 1 0 1 0 0 0 1 1 1 1 1 1 1 0 1 0 1 0 1 1 1 0 1 0 0 0 0 0 0 0 1 0 1 0 1 1 1 1 1 1 1 1 1
"228" "intimesofsiege" "general" 1 0 0 0 1 0 1 1 1 0 1 0 0 1 1 0 0 0 0 1 1 0 0 0 0 0 1 0 0 1 0 0 0 0 1 1 0 1 0 0 1 0 0 0 0 1 0 1 1 0 0 1 0 1 1 1 1 0 1 1 1 0 0 1 1 0 1 1 0 0 0 0 0 0 1 1 0 0 0 0 1 1 1 0 1 0 1 0 1 1 1 1 1 1 0 0 0 0 0 1
"229" "thousandsplendidsuns" "general" 1 1 1 0 0 0 1 0 0 0 0 1 0 1 0 0 0 0 0 0 1 0 0 0 0 0 0 0 0 1 1 1 1 0 1 0 0 1 0 1 0 1 1 0 1 1 1 1 0 0 1 1 0 1 0 0 0 0 0 1 0 0 0 0 0 1 0 0 0 0 1 0 1 0 0 1 0 1 0 0 0 0 0 0 0 0 0 0 0 0 0 1 1 0 0 0 0 0 1 1
"230" "tradingup" "general" 1 1 1 1 0 0 0 0 1 0 1 1 1 1 1 0 0 0 1 1 0 0 0 0 0 1 0 0 0 1 0 1 0 0 1 0 1 0 1 0 0 1 1 0 1 0 0 1 1 0 1 0 0 0 0 0 0 0 1 1 1 0 0 0 1 0 0 1 0 0 0 0 0 1 0 1 1 0 1 0 0 0 1 0 1 0 1 0 0 0 0 0 0 0 0 0 0 0 0 1
"231" "truebeliever" "general" 1 1 1 1 1 0 0 1 1 1 1 1 1 1 1 1 0 1 1 1 1 0 1 1 1 1 1 0 0 0 1 1 1 0 1 1 1 1 1 1 0 0 1 0 1 0 0 1 1 0 1 0 1 1 1 0 0 1 0 1 1 0 0 1 1 0 0 1 0 0 1 1 1 1 0 1 1 0 1 0 1 0 1 1 1 1 1 0 0 1 0 1 1 0 1 0 1 0 0 1
"232" "weddingindecember" "general" 1 1 1 1 1 1 1 1 1 0 1 1 1 1 1 1 1 0 1 0 1 0 1 0 1 1 1 0 0 1 1 1 0 0 1 1 0 1 1 1 0 1 0 1 0 1 0 1 1 0 1 0 1 1 1 0 1 1 0 1 1 0 1 1 0 1 1 1 1 1 1 1 1 1 1 1 1 1 0 0 1 1 1 0 1 0 1 0 1 1 0 1 1 0 1 1 0 1 1 1
"233" "thewelloflostplots" "general" 1 1 1 1 1 1 1 1 1 1 1 1 1 1 1 1 1 1 1 1 1 0 0 1 1 0 0 1 0 1 1 0 0 1 1 1 0 1 0 1 0 1 1 1 1 1 0 1 1 0 1 1 0 1 1 1 1 0 0 1 0 1 1 1 0 1 1 1 0 1 0 1 1 0 0 1 0 0 0 1 1 0 1 0 1 0 1 1 0 0 1 0 1 1 1 1 0 1 1 1
"234" "worldwithoutend" "general" 1 1 1 1 1 1 0 1 1 1 1 1 0 1 1 1 1 1 1 0 1 0 0 1 0 1 1 0 1 1 1 1 1 0 1 1 1 1 1 0 1 1 1 1 0 0 1 1 1 1 1 1 0 1 1 1 0 0 0 1 0 1 1 1 1 1 1 1 1 1 1 0 1 1 1 1 1 0 1 1 1 1 1 1 0 1 1 1 0 1 1 1 1 0 1 0 1 1 1 1
"235" "1000yearsforrevenge" "general" 1 1 1 1 0 0 0 0 1 0 0 0 0 0 1 1 0 1 1 0 1 0 0 0 0 1 0 0 0 0 0 1 0 0 1 1 0 0 0 0 0 0 0 0 0 0 0 1 0 0 0 1 0 0 1 0 0 0 0 1 0 0 0 0 0 0 0 1 0 0 0 0 1 0 0 1 0 1 0 1 0 1 0 0 1 0 1 0 0 0 0 0 1 0 0 0 0 0 0 0
"236" "3hourdiet" "nonfiction" 0 0 0 0 0 0 0 1 0 0 1 0 0 0 0 0 1 0 0 1 0 0 0 0 0 0 0 0 0 1 0 0 0 0 0 0 0 0 0 1 0 0 0 0 0 0 0 0 0 0 0 0 0 0 0 0 1 1 0 0 0 0 0 0 0 1 0 0 0 0 0 0 0 0 0 0 1 0 0 0 0 0 1 0 0 0 0 0 0 0 0 0 0 0 0 1 0 0 0 0
"237" "30daynaturalhormoneplan" "nonfiction" 0 1 0 1 0 1 0 1 0 1 1 1 1 1 1 1 0 0 1 0 1 0 0 0 0 0 1 0 0 1 0 1 0 0 1 0 1 1 0 1 0 1 0 0 1 0 0 0 0 0 0 1 0 1 1 0 1 0 0 1 0 0 0 0 1 1 0 0 1 0 0 1 0 0 0 1 1 0 0 0 0 0 1 0 0 0 0 0 0 0 1 0 1 0 1 1 0 0 1 1
"238" "acneprescription" "nonfiction" 0 0 0 0 0 0 0 1 0 0 1 0 1 1 0 0 0 1 1 0 1 1 0 0 0 0 0 0 1 1 0 1 0 0 1 0 0 0 0 1 0 0 0 0 0 0 0 0 0 0 1 1 0 0 0 0 0 0 0 0 0 0 0 0 0 0 0 0 0 0 0 0 0 0 0 0 0 0 0 0 0 0 1 0 0 0 0 1 0 0 0 0 1 0 0 0 0 0 1 0
"239" "adhd" "nonfiction" 0 0 0 1 0 1 1 1 0 1 1 0 1 1 1 1 1 0 0 1 0 0 1 1 0 0 1 0 0 1 0 0 0 1 1 0 0 1 0 0 1 1 0 0 1 1 0 0 1 0 0 1 0 1 0 1 1 1 0 0 1 0 0 1 1 1 1 0 1 1 0 1 0 0 0 1 1 0 1 0 1 0 1 0 0 1 1 1 1 1 1 0 1 0 0 1 0 1 1 0
"240" "adablackjack" "nonfiction" 0 0 0 0 1 0 1 1 1 0 0 1 0 1 0 0 0 0 1 0 0 0 0 0 0 0 0 0 0 1 0 1 0 0 1 0 0 1 0 0 1 1 1 0 1 0 0 0 0 0 1 0 0 1 1 1 1 1 0 0 0 0 0 0 0 0 0 0 0 0 0 0 0 0 0 0 0 0 0 0 0 0 1 0 0 0 0 1 1 1 0 0 1 0 1 0 0 0 1 0
"241" "ageproofyourmind" "nonfiction" 0 0 0 0 1 1 0 1 1 1 0 0 1 0 1 1 0 0 0 0 0 0 1 0 0 0 1 0 0 1 0 0 0 0 0 0 0 1 1 1 0 0 0 0 1 0 0 1 0 0 1 1 0 1 0 0 0 0 0 1 1 1 0 0 1 0 0 1 0 1 1 1 0 0 0 0 0 0 0 0 0 0 1 0 1 0 0 1 0 1 1 0 1 0 0 0 1 0 0 0
"242" "americathebook" "nonfiction" 0 0 0 1 1 0 0 0 1 1 1 1 0 0 1 0 0 1 0 1 1 0 0 1 0 0 1 0 0 1 0 1 1 0 0 0 0 1 0 1 0 1 0 0 0 0 1 0 0 0 0 0 0 1 0 1 0 1 0 1 1 0 0 1 0 1 0 1 0 0 0 0 0 1 0 0 0 0 0 0 0 0 0 0 0 0 0 0 0 0 0 0 1 0 0 0 0 0 0 0
"243" "americanheroines" "nonfiction" 0 0 0 0 0 0 1 1 0 0 0 0 1 1 1 0 0 0 1 0 0 0 1 1 0 0 0 0 0 0 0 0 0 0 0 0 0 1 0 0 0 0 0 0 0 0 0 0 1 0 0 1 0 0 0 0 0 0 0 1 0 0 0 0 0 1 0 0 0 0 0 0 0 0 0 1 0 1 0 0 0 0 0 0 0 0 0 0 0 0 1 1 1 0 0 0 0 1 0 0
"244" "americansoldier" "nonfiction" 0 0 1 0 0 0 1 0 1 0 0 0 0 0 0 0 0 0 0 0 0 0 0 1 0 0 1 1 1 0 1 1 1 1 1 0 0 1 0 0 0 0 0 0 0 0 0 1 0 0 1 0 0 0 0 1 0 0 0 1 0 0 0 0 1 1 0 0 1 0 1 0 0 0 0 0 0 0 0 0 0 0 0 0 0 0 0 0 1 0 0 1 1 0 0 0 0 0 1 0
"245" "artofhappinessatwork" "nonfiction" 0 1 1 1 1 0 1 1 1 1 1 1 1 1 1 1 1 0 0 1 1 0 0 1 1 0 1 0 0 1 0 1 0 0 1 0 0 1 0 1 0 1 0 0 1 0 0 1 0 0 1 1 0 0 0 0 0 1 0 1 1 1 1 1 1 0 0 0 1 0 0 1 0 1 0 0 1 0 0 1 1 0 0 0 0 0 0 0 0 1 1 0 1 1 1 0 0 1 1 0
"246" "atkinsdiabetesrevolution" "nonfiction" 0 0 0 0 0 0 1 1 0 0 1 0 0 0 0 1 0 0 0 1 0 0 0 0 0 0 0 0 0 1 0 1 0 1 0 0 0 1 0 1 0 1 0 0 1 0 0 0 0 0 1 0 0 0 0 0 1 0 0 0 0 0 0 0 0 0 0 0 0 0 0 1 0 0 0 1 0 0 0 0 0 0 1 0 0 0 0 0 0 0 0 0 0 0 1 1 0 0 0 1
"247" "battleready" "nonfiction" 0 0 1 0 1 1 1 0 1 0 1 1 0 1 1 1 0 1 1 1 1 0 0 0 1 0 0 0 0 1 1 0 0 0 1 0 0 1 0 0 0 1 0 0 1 1 0 1 0 0 0 0 0 0 0 0 1 0 0 0 0 0 0 0 1 0 0 1 0 0 0 0 0 1 0 0 0 0 0 1 1 0 0 0 0 0 0 1 0 1 0 0 1 0 1 0 0 0 1 0
"248" "brokenmusic" "nonfiction" 0 1 0 1 0 0 1 1 1 1 1 1 0 1 1 1 0 0 0 1 1 0 1 0 0 0 1 0 0 0 1 1 1 1 0 0 1 1 0 0 1 1 0 0 1 1 0 0 0 0 0 0 1 1 1 0 1 1 0 1 0 1 0 0 0 0 0 1 1 0 0 0 1 1 0 1 1 0 0 1 1 1 1 0 1 0 1 0 0 0 1 1 1 0 1 1 0 0 0 0
"249" "callmecrazy" "nonfiction" 1 1 1 1 1 0 1 1 0 1 1 1 1 0 0 0 0 1 1 0 1 0 1 0 0 0 1 0 0 1 1 0 0 0 0 0 0 1 0 0 0 1 1 0 0 1 0 0 0 0 0 1 0 1 1 1 1 0 0 0 1 0 0 0 0 1 0 0 1 0 0 0 1 0 0 1 0 0 0 1 0 1 0 0 1 0 1 0 0 0 1 1 1 1 0 1 0 0 1 1
"250" "acalltoservice" "nonfiction" 1 1 1 1 1 0 1 1 0 1 1 1 1 1 1 1 1 0 1 1 0 1 0 1 0 0 0 0 0 1 1 1 1 0 1 1 1 1 0 1 0 1 0 1 1 1 0 1 0 1 1 1 0 0 1 1 1 1 0 1 1 0 0 0 1 1 0 1 1 0 0 1 0 1 0 1 1 0 0 0 0 0 1 0 1 0 0 0 0 0 1 1 1 1 1 0 1 1 1 0
"251" "celebritydetox" "nonfiction" 1 0 1 0 0 0 1 1 0 1 1 1 1 1 0 0 1 0 1 0 1 0 0 1 1 0 0 0 0 0 1 0 1 0 0 0 0 1 0 1 0 1 0 0 0 1 0 1 0 0 1 0 1 1 0 0 0 1 0 1 1 0 0 0 1 1 0 0 1 0 1 1 1 1 1 1 1 0 1 0 1 0 1 0 1 0 0 0 0 0 0 1 1 0 0 0 0 1 1 1
"252" "checkplease" "nonfiction" 1 0 0 0 0 0 0 0 0 0 0 1 1 1 0 0 0 1 0 0 1 0 0 1 0 0 0 0 0 1 0 0 0 0 0 0 0 1 0 0 0 1 0 0 0 1 0 1 1 0 0 0 0 0 1 0 1 0 0 1 0 0 0 0 0 0 1 1 0 0 0 1 0 1 0 1 0 0 0 0 0 0 0 0 0 0 0 0 0 0 0 0 0 0 0 0 0 0 0 0
"253" "cityoffallenangels" "nonfiction" 1 1 1 1 1 0 0 0 1 0 1 1 1 1 1 1 1 1 0 0 0 1 0 0 0 1 1 0 0 1 1 0 1 0 1 1 0 0 0 0 1 0 1 1 0 1 1 1 1 1 1 1 0 0 0 1 1 0 0 1 0 1 0 0 0 0 1 1 1 0 1 1 1 1 0 1 0 1 1 1 1 1 1 1 1 0 1 1 0 1 0 1 1 1 0 0 1 0 1 1
"254" "completeconfidence" "nonfiction" 0 0 0 1 1 0 0 0 0 1 0 0 0 0 0 1 1 0 0 1 0 0 0 1 0 0 0 0 0 1 0 0 0 0 1 1 0 1 0 1 0 1 0 0 0 0 0 0 1 0 0 0 0 0 0 0 0 0 0 0 0 0 0 0 0 1 0 0 0 0 0 1 0 0 0 1 1 0 0 0 0 0 0 0 0 0 1 0 0 0 0 0 1 0 0 0 0 0 0 0
"255" "confessionsofanheiress" "nonfiction" 0 0 0 1 0 0 0 0 1 1 1 1 0 0 0 0 0 0 0 0 0 0 0 1 0 0 1 0 0 1 1 0 1 0 1 0 0 1 0 1 0 1 0 0 0 0 0 1 1 0 0 0 0 1 1 1 0 1 0 1 1 0 0 0 1 0 0 1 1 0 0 1 1 1 1 1 0 0 1 0 1 0 1 0 0 0 0 0 0 0 1 0 1 0 1 0 0 0 1 1
"256" "confessionsofataxcollector" "nonfiction" 0 1 0 1 1 1 0 0 1 0 1 1 0 1 1 0 1 0 1 0 0 0 0 1 0 0 0 0 0 1 0 0 0 0 1 0 0 1 0 0 0 1 0 0 0 0 0 1 1 0 0 0 0 1 1 0 0 1 0 0 0 0 0 0 0 0 0 1 0 0 0 0 1 1 0 0 1 1 1 0 1 0 0 0 0 1 0 0 0 0 0 1 0 0 0 0 0 0 0 0
"257" "conservativeswithoutconscience" "nonfiction" 1 1 1 0 0 1 1 1 0 1 1 1 1 1 1 1 0 0 1 1 1 0 0 1 1 1 1 0 0 1 0 1 0 1 1 0 0 1 0 0 0 1 1 1 1 1 0 0 1 0 1 1 0 1 0 0 1 0 0 1 1 0 0 1 1 0 0 0 0 0 0 1 1 1 1 1 1 0 0 1 1 0 1 0 1 0 0 0 0 1 0 1 1 1 1 1 1 0 1 1
"258" "coverup" "nonfiction" 1 0 0 1 0 1 0 0 0 0 1 0 0 1 0 0 0 0 1 0 1 0 0 0 0 1 0 0 0 0 0 0 0 0 0 0 0 0 0 0 1 1 1 0 0 0 0 0 0 0 0 0 0 0 0 1 0 0 0 0 0 0 0 1 0 0 0 0 1 0 1 1 1 1 0 0 0 0 0 1 0 0 0 0 1 0 1 0 0 0 1 0 1 0 0 0 0 0 1 0
"259" "deceptivelydelicious" "nonfiction" 0 0 0 0 0 0 0 0 1 0 0 0 0 0 0 0 0 0 0 0 0 0 0 0 0 0 0 0 0 0 0 0 0 0 0 0 0 1 0 0 0 1 0 0 0 1 0 0 1 0 0 0 0 0 0 0 0 0 0 1 1 0 0 0 0 1 0 0 0 0 0 0 0 0 0 0 0 0 0 0 0 0 0 0 0 0 0 0 0 0 0 0 1 0 0 0 0 1 0 0
"260" "dispatchesfromtheedge" "nonfiction" 1 0 0 1 0 0 0 1 0 1 1 0 0 1 1 0 0 0 0 0 0 0 0 1 1 0 0 0 0 1 1 1 0 0 1 0 0 0 0 0 1 1 0 0 0 0 0 1 0 0 0 0 0 0 1 1 0 0 0 0 0 1 0 1 0 0 0 0 1 0 0 0 0 0 0 0 0 0 0 0 1 1 0 0 0 0 0 1 0 0 0 1 1 1 1 0 0 0 0 0
"261" "dudewheresmycountry" "nonfiction" 0 1 1 1 1 0 1 1 1 0 1 1 1 1 0 1 1 0 0 1 1 1 0 0 1 1 0 0 0 1 0 1 0 1 0 0 0 1 0 0 0 0 0 0 1 0 0 1 0 0 0 0 0 0 0 0 0 0 0 1 0 0 0 0 1 0 0 0 1 0 0 1 0 1 0 1 0 0 0 0 0 1 1 0 1 0 0 1 0 1 1 0 1 0 0 1 1 0 1 1
"262" "eatsshootsandleaves" "nonfiction" 0 1 1 1 0 0 1 1 1 0 1 0 1 1 1 1 1 0 1 1 1 1 1 1 1 0 1 1 1 1 1 0 1 1 1 1 0 1 1 1 1 1 0 0 1 0 0 1 1 0 1 1 0 1 1 1 1 1 1 1 0 0 0 1 1 1 1 0 1 0 1 1 0 1 0 1 0 0 0 1 1 0 0 0 0 0 0 1 0 0 1 0 1 1 1 1 0 1 0 1
"263" "emotionalenergyfactor" "nonfiction" 1 0 0 1 0 0 0 1 0 1 1 1 1 0 0 0 0 0 0 0 1 0 0 1 0 0 1 0 0 1 0 0 0 1 1 0 1 1 0 0 0 1 0 1 1 0 0 1 0 0 1 0 0 0 0 0 1 1 0 1 1 0 0 0 1 1 0 0 0 0 0 1 0 0 0 0 0 0 0 1 0 1 0 0 0 0 0 0 0 0 1 0 1 0 0 0 0 0 0 1
"264" "flyboys" "nonfiction" 0 1 0 0 1 0 1 1 0 1 0 1 1 1 0 0 0 0 1 0 1 0 0 1 0 1 0 0 0 1 1 0 0 0 0 1 0 0 1 1 1 0 0 0 0 0 0 0 0 1 0 1 0 0 1 0 1 0 0 1 1 0 0 0 0 0 0 0 0 0 0 1 1 0 0 0 0 0 0 1 0 0 1 0 0 0 0 0 0 0 1 1 1 0 0 1 1 0 1 0
"265" "frenchwomendontgetfat" "nonfiction" 0 1 1 0 1 1 1 0 1 1 1 1 1 1 1 1 0 0 1 1 1 0 0 0 1 0 1 0 0 1 0 0 1 0 1 1 0 1 0 0 1 0 0 0 1 1 0 1 0 0 1 0 0 0 0 0 0 0 1 1 1 0 0 1 0 0 0 0 0 0 0 0 0 0 1 1 0 0 0 0 1 0 1 0 1 0 1 0 0 1 1 1 1 0 1 0 0 0 1 0
"266" "godspolitics" "nonfiction" 0 0 0 0 0 0 0 0 0 0 0 0 0 1 0 0 0 0 0 0 0 0 0 1 0 0 0 0 0 0 0 0 0 0 1 0 0 1 0 0 0 0 0 0 0 0 0 0 0 0 0 0 0 1 0 0 0 0 0 1 0 0 0 0 0 0 0 0 0 0 0 0 0 0 0 1 0 0 0 0 0 0 0 0 0 0 0 0 0 0 0 0 1 0 0 0 0 0 0 0
"267" "goodmuslimbadmuslim" "nonfiction" 0 0 1 0 0 0 0 1 0 0 0 0 0 0 0 0 0 0 0 0 0 0 0 0 0 0 0 0 0 0 0 0 0 0 0 0 1 1 0 0 0 1 0 0 0 0 0 1 0 0 0 0 0 0 0 0 0 1 0 1 0 0 0 0 0 0 0 0 0 0 1 0 1 0 0 0 1 0 0 0 1 0 0 0 0 0 0 0 0 1 0 1 0 0 1 0 1 0 0 0
"268" "greatestexperimentever" "nonfiction" 0 1 0 0 0 0 0 0 0 0 1 1 0 0 1 0 0 0 0 1 0 0 0 0 0 0 0 0 1 1 0 1 0 0 0 0 1 1 0 0 0 0 0 0 0 0 0 0 0 0 1 0 0 0 0 0 0 0 0 1 0 0 0 0 0 0 0 0 1 0 0 1 0 0 0 1 0 0 0 0 0 0 0 0 1 0 0 1 0 0 0 0 1 0 0 0 0 0 0 0
"269" "healthyholidays" "nonfiction" 1 0 1 0 0 0 1 1 0 1 0 1 0 0 1 1 0 0 0 1 0 0 0 0 0 0 1 0 0 1 0 0 1 0 1 0 0 1 0 0 1 0 0 0 0 0 0 1 0 0 0 1 0 1 0 0 1 1 0 0 1 1 0 0 0 1 0 0 1 0 0 1 1 0 1 1 1 0 1 0 0 0 1 0 0 0 0 0 1 0 1 0 1 0 0 1 0 1 1 0
"270" "hesjustnotthatintoyou" "nonfiction" 1 1 0 0 0 0 0 1 0 0 1 0 1 0 0 1 0 0 0 1 1 0 0 0 0 0 1 0 0 1 0 0 1 0 0 0 0 1 0 1 0 1 0 0 1 1 1 0 0 1 1 0 0 1 0 1 0 1 0 1 1 0 0 0 0 1 0 1 1 0 1 1 0 0 1 1 1 0 0 1 0 0 1 0 0 1 1 1 0 0 0 0 1 1 0 0 0 0 1 1
"271" "howtobreakyouraddictiontoaperson" "nonfiction" 0 1 1 0 0 1 1 1 0 0 1 0 1 1 0 1 0 0 0 0 1 0 0 1 0 0 0 0 0 1 0 0 0 0 0 0 1 1 0 1 0 1 0 0 0 1 0 0 0 0 0 1 0 0 0 0 1 1 0 0 1 1 0 0 0 0 1 0 0 0 0 1 0 0 0 1 0 0 0 0 0 0 1 1 0 0 1 1 0 1 0 0 1 0 0 0 0 0 1 1
"272" "howtotalktoaliberal" "nonfiction" 0 0 0 0 0 0 0 0 0 0 0 0 0 0 0 0 0 0 0 0 0 0 0 0 0 0 0 0 0 0 0 0 0 0 0 0 0 0 0 0 0 0 0 0 0 0 0 0 0 0 0 0 0 0 0 0 0 0 0 0 0 0 0 0 0 0 0 0 0 0 0 0 0 0 0 0 0 0 0 0 0 0 0 0 0 0 0 0 0 0 0 0 0 0 0 0 0 0 0 0
"273" "iamamerica" "nonfiction" 0 0 0 0 0 0 0 1 0 0 1 0 1 0 0 0 1 0 1 0 1 0 0 0 0 0 1 0 0 1 0 0 0 0 1 0 0 1 0 0 0 1 0 0 0 0 0 0 0 0 0 0 0 0 0 0 0 0 1 1 0 0 0 0 1 0 0 0 1 0 0 1 0 0 0 1 0 0 0 0 0 0 0 0 0 0 0 0 0 0 0 0 1 0 0 1 0 0 0 0
"274" "inaninstant" "nonfiction" 0 0 1 0 0 1 1 0 0 0 0 1 1 1 1 1 0 0 1 0 1 0 0 1 0 0 1 0 0 1 1 1 0 0 1 1 0 1 0 0 0 1 0 0 0 0 0 1 1 1 1 0 0 0 0 1 0 1 1 1 0 0 0 1 0 1 0 0 1 0 0 0 0 1 0 0 0 0 0 0 1 0 0 1 0 0 1 1 0 0 0 1 1 0 1 0 0 0 1 0
"275" "insatiable" "nonfiction" 1 0 1 0 0 1 1 1 1 1 1 1 1 0 0 0 0 0 0 0 1 0 1 0 1 1 1 0 0 1 0 0 1 0 0 1 0 1 1 0 0 0 1 0 0 0 0 1 1 0 1 1 0 1 1 0 0 0 0 0 0 0 0 0 0 0 0 1 0 0 1 0 1 1 0 0 1 1 0 0 1 1 0 1 1 0 1 0 0 1 1 0 0 0 0 0 0 0 0 0
"276" "italyinsmallbites" "nonfiction" 0 0 0 0 0 0 0 0 0 0 0 0 0 0 0 0 1 0 0 0 0 0 0 0 0 0 0 0 0 0 0 0 0 0 0 0 0 0 0 0 0 0 0 1 0 0 1 0 0 0 0 0 0 0 0 0 0 0 0 0 0 0 0 0 0 0 0 0 0 0 0 0 0 0 0 0 0 0 0 0 1 0 0 0 1 0 0 0 0 0 0 0 1 0 0 0 0 0 0 0
"277" "thejesusfamilytomb" "nonfiction" 0 0 1 0 0 0 1 0 0 0 1 0 1 1 1 0 0 0 0 0 0 0 0 1 0 0 1 0 0 1 0 1 0 0 1 0 0 0 0 0 0 0 0 0 1 0 1 1 0 0 0 1 0 0 0 0 0 0 0 1 0 1 0 1 1 0 0 0 1 0 0 0 0 1 0 0 0 0 0 0 0 0 1 0 0 0 1 0 0 0 0 0 1 0 0 1 0 0 1 0
"278" "julieandjulia" "nonfiction" 1 1 1 1 1 0 1 1 1 1 1 1 1 1 1 1 1 0 1 1 0 0 1 1 1 1 1 1 0 1 1 1 1 1 1 1 1 1 0 1 1 1 1 0 1 0 0 1 1 0 1 0 1 0 1 1 0 1 1 1 1 1 0 0 1 1 0 1 1 1 1 1 1 1 1 0 1 0 0 1 1 1 1 0 0 0 1 1 0 1 1 0 1 0 1 1 1 1 1 1
"279" "kathykaehlerscelebrityworkouts" "nonfiction" 0 0 0 0 0 0 0 1 0 1 1 0 0 0 0 1 1 1 0 1 0 0 0 0 0 0 1 0 0 1 0 0 0 0 0 1 1 1 0 0 0 1 0 0 1 1 0 1 0 0 1 0 0 1 0 0 1 1 0 0 0 0 0 0 1 0 0 0 1 0 1 1 0 0 0 1 0 0 1 0 1 1 0 0 1 0 0 0 1 1 1 0 1 0 0 0 0 0 1 0
"280" "lightningoutoflebanon" "nonfiction" 0 0 0 0 1 0 1 0 0 0 0 0 0 0 1 0 1 0 1 0 1 0 1 0 1 0 0 0 0 1 0 1 0 0 0 0 0 0 0 1 0 0 0 0 0 1 0 1 1 0 0 1 0 0 0 0 0 0 0 1 1 0 1 1 0 1 0 1 0 0 0 1 1 1 0 1 0 0 1 0 1 0 0 0 0 0 0 0 0 1 1 1 1 0 0 0 1 1 1 0
"281" "littleblackbookofstyle" "nonfiction" 0 0 0 0 0 0 0 1 1 1 1 0 0 0 0 0 1 0 0 0 0 0 0 0 0 0 0 0 0 1 1 0 0 0 1 0 0 0 0 0 0 0 0 0 1 0 0 1 0 0 0 0 0 0 0 0 0 1 0 1 0 0 0 0 0 0 0 1 0 0 0 0 1 0 0 1 0 0 0 0 1 0 0 0 0 0 0 0 0 0 0 0 1 0 0 0 1 0 0 1
"282" "alookovermyshoulder" "nonfiction" 0 1 1 0 0 0 0 0 1 0 1 1 1 1 0 0 1 0 1 0 0 0 0 0 0 0 1 0 1 1 0 1 0 0 0 0 0 1 1 0 0 0 0 1 1 1 0 1 0 0 1 1 0 0 1 0 1 0 0 0 0 0 0 0 1 0 0 0 1 0 0 0 0 1 0 1 0 0 0 1 1 1 0 0 1 0 1 0 0 1 0 0 1 0 0 0 0 0 1 0
"283" "mylife" "nonfiction" 0 0 1 0 0 1 1 0 0 1 1 1 1 1 1 0 0 0 1 0 1 0 0 0 0 0 0 0 0 1 0 0 1 0 0 0 0 0 0 0 1 0 0 0 0 1 0 1 1 1 1 0 0 1 0 1 0 1 0 1 0 0 0 0 0 1 0 0 1 0 0 0 0 1 0 0 0 0 1 1 1 1 1 1 0 0 1 0 0 0 1 1 1 0 0 0 1 0 1 1
"284" "neverhaveyourdogstuffed" "nonfiction" 1 1 1 0 0 0 1 0 0 1 0 1 1 1 1 0 1 0 0 1 1 0 1 1 1 1 0 0 0 1 0 1 1 0 1 1 0 0 0 0 1 0 1 1 1 0 0 0 0 0 0 0 1 1 1 1 1 0 1 1 0 0 0 1 1 1 1 1 1 0 1 0 0 0 0 1 1 0 0 0 1 1 0 0 0 0 1 0 0 1 0 1 1 0 1 0 1 1 1 1
"285" "onesoldiersstory" "nonfiction" 1 1 1 0 0 0 1 0 0 0 0 1 0 1 0 0 0 0 1 0 1 0 0 1 0 1 1 0 1 1 0 0 1 0 1 0 0 1 1 0 1 1 0 0 1 0 0 1 1 0 1 0 0 0 1 0 0 0 0 1 0 0 0 0 0 0 0 0 0 0 0 1 0 0 0 1 0 0 0 0 1 0 0 0 0 0 0 0 0 0 1 0 1 0 0 0 0 0 1 0
"286" "oreillyfactorforkids" "nonfiction" 1 1 1 0 0 0 0 0 0 1 1 1 1 0 0 0 0 0 0 0 0 0 1 1 1 0 0 0 0 1 0 0 0 0 0 0 0 1 0 1 0 0 0 0 0 1 0 0 0 0 0 0 0 1 0 0 0 1 0 0 1 0 0 0 1 0 0 0 0 0 0 1 0 0 0 0 0 0 0 0 0 0 0 0 0 0 0 0 0 1 0 0 1 0 0 0 0 0 1 0
"287" "overcomingdyslexia" "nonfiction" 0 1 0 0 0 0 0 1 0 1 1 0 0 0 1 1 0 0 0 0 0 0 1 0 0 0 0 0 0 1 0 0 1 1 0 0 0 1 0 0 0 1 1 1 1 0 0 0 0 0 0 1 0 0 0 0 0 0 0 1 0 0 0 0 1 1 0 0 0 0 0 0 0 1 0 1 1 0 0 0 0 0 1 0 0 1 0 0 0 0 1 0 1 0 0 1 0 1 1 0
"288" "perriconepromise" "nonfiction" 0 0 0 0 0 0 1 1 0 1 1 1 0 1 1 1 1 0 0 0 0 0 0 0 0 0 1 0 0 1 0 1 0 0 1 0 0 1 0 1 0 1 0 0 1 0 0 0 1 0 0 1 0 1 0 0 0 1 0 1 0 0 0 0 0 1 0 0 0 1 1 1 0 0 0 1 0 0 0 0 0 0 0 0 0 0 1 1 0 0 1 0 1 0 0 0 1 0 0 1
"289" "pledged" "nonfiction" 0 1 1 0 1 0 1 0 0 1 1 1 1 0 1 0 0 0 1 0 0 1 0 0 1 0 1 0 0 1 1 0 1 0 0 1 1 0 0 0 0 1 0 0 1 1 0 0 0 0 1 0 0 0 0 0 0 1 0 1 1 1 0 0 0 0 1 1 0 0 0 1 1 1 1 1 0 1 1 1 1 0 0 0 0 0 1 0 0 0 0 0 1 1 0 0 0 0 1 0
"290" "thepiratecoast" "nonfiction" 1 0 0 0 1 0 1 1 1 1 0 0 0 0 1 1 1 1 1 0 1 1 1 0 0 1 0 0 0 1 0 1 0 0 1 1 0 1 0 1 0 0 0 0 0 1 0 1 1 0 0 1 0 0 0 1 0 0 0 1 0 1 0 0 0 1 0 0 1 1 0 0 0 1 1 0 0 0 1 1 0 0 0 0 0 1 0 0 1 0 1 1 1 0 1 0 1 0 1 1
"291" "propercareandfeedingofhusbands" "nonfiction" 0 0 0 1 0 0 1 1 0 0 0 0 0 0 0 1 0 0 0 1 1 0 0 0 0 0 1 0 0 1 0 0 0 0 0 0 0 1 0 1 1 1 0 0 1 1 0 0 0 0 0 0 0 1 0 0 0 1 0 0 0 0 0 0 0 0 0 0 0 0 0 1 0 0 0 1 0 0 0 0 0 0 0 0 0 0 0 0 0 0 0 0 1 0 0 0 0 1 0 1
"292" "therealagemakeover" "nonfiction" 0 0 1 1 0 0 0 1 0 0 0 1 1 0 1 1 1 0 0 0 0 0 0 0 0 0 0 0 0 0 0 1 1 0 0 0 0 0 0 1 0 1 0 0 0 0 0 0 0 0 1 0 0 0 0 0 0 1 0 0 1 0 0 0 0 0 0 0 0 0 0 1 0 0 0 0 1 0 1 0 0 0 0 0 1 0 0 0 0 0 1 0 0 0 0 0 0 0 0 0
"293" "safeathome" "nonfiction" 0 0 0 0 0 0 0 1 0 0 1 1 0 1 0 0 0 0 0 0 1 1 1 1 0 0 1 0 0 1 0 0 1 0 0 0 0 1 0 0 1 0 0 1 0 1 0 0 0 0 0 0 0 1 0 1 0 1 0 1 1 0 0 0 0 0 0 0 0 0 0 0 1 0 0 1 0 0 0 1 0 0 1 0 0 0 0 1 1 0 1 1 1 0 0 0 0 0 1 0
"294" "seejanelead" "nonfiction" 0 0 1 0 0 0 1 1 0 1 1 1 1 1 1 1 1 0 0 0 1 1 0 1 1 0 0 0 0 1 0 0 1 0 1 0 0 1 0 1 0 1 0 0 1 1 0 1 1 0 0 1 0 1 1 0 0 1 0 1 0 0 0 0 1 1 0 1 0 0 1 1 0 1 0 0 1 0 0 1 0 0 1 0 1 0 1 1 0 0 0 0 1 1 0 1 1 0 1 1
"295" "thesexyyears" "nonfiction" 0 1 1 0 0 1 1 1 1 0 1 1 1 0 0 1 0 1 1 0 0 0 0 0 0 0 1 0 1 1 1 1 1 0 0 1 1 1 0 0 0 1 1 1 0 0 0 1 1 0 1 0 1 0 1 1 0 0 0 0 0 0 0 0 1 0 0 1 0 0 0 0 0 0 0 1 1 0 0 0 1 0 0 0 0 0 0 1 0 0 0 0 1 0 1 0 0 1 1 0
"296" "superfoodsrx" "nonfiction" 0 0 0 0 0 0 0 0 0 1 1 0 0 0 0 1 0 0 0 0 1 0 0 0 0 0 0 0 0 1 0 0 0 0 0 0 0 0 0 0 0 0 0 0 0 0 0 0 0 0 0 0 0 0 0 0 0 0 0 1 0 0 0 0 0 1 0 0 0 0 0 0 0 0 0 0 0 0 0 0 0 0 0 0 1 0 0 0 0 0 0 0 1 0 0 0 0 0 0 0
"297" "surrenderingtoyourself" "nonfiction" 0 0 0 1 0 1 1 0 1 0 0 0 0 1 0 0 0 0 0 1 0 0 0 0 0 0 0 0 0 0 0 0 0 0 0 0 0 1 0 0 0 0 0 0 0 0 0 0 0 0 0 0 0 0 0 1 1 0 0 0 0 0 0 0 0 1 0 0 0 0 1 0 0 0 0 1 0 0 0 0 0 0 1 0 0 0 0 0 0 0 0 0 1 0 0 0 0 1 0 0
"298" "survivalofthesickest" "nonfiction" 0 0 0 0 0 0 0 0 0 0 1 0 0 0 1 1 0 0 1 0 1 0 0 1 0 0 0 0 0 1 0 1 0 0 1 0 0 1 0 0 0 1 0 0 1 0 0 0 0 0 0 0 0 0 0 1 0 1 0 1 0 0 0 0 1 1 0 1 0 0 1 0 0 0 0 0 0 0 1 0 0 0 1 0 0 0 0 1 0 0 0 0 1 0 0 0 0 0 0 0
"299" "tenminutesfromnormal" "nonfiction" 0 0 0 0 0 1 0 1 0 0 1 0 0 0 1 1 0 0 0 1 0 0 0 0 0 0 0 0 0 1 0 0 1 0 0 0 1 0 1 0 1 0 0 0 0 1 0 1 0 0 1 0 0 1 1 0 0 1 0 0 1 0 0 1 0 1 0 0 1 0 0 1 0 1 0 0 0 0 0 0 1 1 0 0 0 0 0 0 0 1 0 0 1 0 1 0 0 0 1 1
"300" "triplecross" "nonfiction" 0 0 0 0 1 0 0 0 0 0 0 1 0 1 0 0 0 0 0 1 1 0 0 0 0 1 1 0 0 1 1 0 0 0 1 0 0 0 1 0 0 1 0 0 0 0 0 0 0 0 0 0 0 0 0 0 0 1 0 1 0 0 0 0 0 0 0 0 0 0 0 1 1 0 0 0 0 0 0 0 1 0 0 0 1 0 0 0 0 0 1 0 0 0 0 0 1 0 1 0
"301" "trumphowtogetrich" "nonfiction" 0 1 0 0 0 0 1 1 0 1 1 0 1 1 1 1 0 0 1 1 0 0 1 0 0 0 1 0 0 1 0 1 1 0 0 0 1 1 0 1 0 1 0 0 0 0 0 1 0 0 1 1 0 1 0 0 1 0 0 1 1 0 0 0 1 0 0 0 0 0 0 1 0 0 0 0 1 0 0 0 0 0 1 0 1 0 1 1 0 0 1 1 1 0 1 1 0 0 1 1
"302" "ultimatepunishment" "nonfiction" 0 0 0 0 0 0 1 0 1 0 0 1 1 0 0 0 0 0 0 1 1 0 0 0 0 0 0 0 0 0 0 0 0 0 0 1 0 0 0 0 0 0 0 0 0 1 0 0 0 0 0 0 0 0 0 0 0 0 0 0 0 0 0 0 0 0 0 1 1 0 0 0 0 0 1 1 0 0 0 0 1 1 0 0 0 0 1 0 0 0 1 0 1 0 0 0 0 1 0 1
"303" "undertheduvet" "nonfiction" 0 0 1 1 0 0 0 1 0 1 0 1 1 1 0 0 0 0 0 0 0 0 1 0 0 0 0 0 0 1 0 0 0 0 0 0 0 1 0 0 0 1 0 0 0 0 0 0 1 0 0 0 0 0 0 0 0 0 0 0 0 0 0 0 1 0 0 0 1 0 0 1 0 0 1 1 0 0 1 1 0 1 0 0 0 0 1 0 0 0 0 0 1 1 0 0 0 0 0 0
"304" "unfinishedlifejohnfkennedy" "nonfiction" 1 0 1 1 0 1 1 1 1 1 1 1 1 1 1 1 0 1 0 0 1 1 1 1 0 0 1 0 0 1 1 1 1 0 1 1 0 1 1 0 1 1 1 1 1 1 0 1 1 0 1 0 1 0 0 0 0 0 0 1 1 0 0 1 0 1 0 1 0 1 1 1 1 1 1 1 0 0 0 1 1 1 1 0 0 0 1 0 0 1 1 1 1 0 1 1 0 1 0 1
"305" "welcometoyourcrisis" "nonfiction" 0 1 0 0 0 0 0 1 0 0 1 0 0 0 1 1 0 0 0 1 1 0 0 1 0 0 0 0 0 1 0 1 0 0 1 1 0 0 0 0 0 1 0 0 1 0 0 1 0 0 0 0 0 1 0 1 0 0 0 1 0 0 0 1 1 1 0 0 0 0 0 1 0 0 0 0 1 0 0 0 0 0 1 0 0 0 0 0 0 1 1 0 1 0 0 0 0 0 0 0
"306" "willtheyevertrustusagain" "nonfiction" 0 0 0 0 0 0 1 1 0 0 0 0 0 0 0 0 0 0 0 0 0 0 0 0 0 0 0 0 0 0 0 0 0 0 0 0 0 0 0 0 0 0 0 0 0 1 0 0 0 0 0 0 0 0 0 1 0 0 0 0 0 0 0 0 0 0 0 0 0 0 0 0 0 1 0 0 0 0 0 0 0 0 0 0 0 0 0 0 0 0 0 0 1 0 0 0 0 0 0 0
"307" "worsethanwatergate" "nonfiction" 0 0 0 0 0 0 0 1 1 1 1 0 1 0 0 1 1 0 0 0 1 0 0 1 0 0 0 0 0 0 1 1 0 1 0 0 0 1 0 1 0 0 1 0 1 1 0 0 1 0 1 0 0 0 0 0 0 1 0 1 0 0 0 0 0 0 0 0 0 1 0 1 0 1 0 0 1 1 0 0 0 0 0 0 1 0 1 0 0 0 0 0 1 0 0 0 0 0 0 0
"308" "wowisms" "nonfiction" 1 0 0 0 0 0 0 0 1 0 1 0 0 0 0 0 1 0 0 0 0 0 0 1 0 0 1 0 0 1 1 0 0 0 0 0 0 1 0 0 0 1 0 0 1 0 0 1 0 0 0 0 0 1 0 0 0 1 0 1 0 0 0 1 1 0 0 0 0 0 0 1 0 0 0 1 0 0 0 0 0 0 1 0 0 0 0 0 0 0 0 0 1 1 0 1 0 0 0 0
"309" "ayearintheworld" "nonfiction" 1 1 0 0 0 0 1 1 1 0 1 1 1 1 1 0 1 0 0 0 1 0 1 0 0 1 0 0 0 0 1 1 1 0 1 1 0 1 0 0 1 1 1 0 0 1 1 0 1 0 1 0 1 0 1 1 0 1 0 1 1 0 0 1 1 1 1 0 1 0 0 1 1 1 0 1 1 0 1 0 1 1 1 0 0 0 0 0 0 1 1 0 1 0 0 1 1 0 0 1
"310" "youhavetosayimpretty" "nonfiction" 1 0 1 0 0 0 1 1 0 0 0 0 0 0 0 0 0 0 0 1 0 0 0 1 0 0 0 0 0 1 0 0 1 0 0 0 0 1 0 0 0 1 0 0 1 0 0 1 0 0 1 0 0 1 0 0 0 0 0 0 1 0 0 0 0 0 0 1 1 0 0 1 0 0 1 0 1 0 0 1 0 0 0 0 0 0 1 0 0 0 1 0 1 0 0 1 0 0 1 0
"311" "aftermidnight" "nonfiction" 1 0 1 0 1 0 1 1 0 0 1 1 0 0 0 1 0 0 0 0 0 0 0 1 0 1 0 1 0 0 0 0 0 0 1 0 0 1 0 0 1 0 0 0 0 0 0 0 1 0 0 1 0 0 0 0 0 0 0 1 0 0 0 0 0 0 0 1 1 0 0 0 1 0 0 0 0 0 0 0 0 0 0 0 0 0 0 0 0 1 1 0 1 0 0 0 0 0 0 0
"312" "aintshesweet" "romance" 1 1 0 0 0 0 0 0 1 1 1 0 0 1 1 0 0 0 1 0 0 1 1 1 0 1 0 0 0 1 0 1 0 0 0 0 0 0 0 0 0 1 0 0 0 1 0 0 0 0 0 0 0 0 0 0 0 0 0 1 1 0 0 0 0 0 0 1 1 0 0 0 0 0 1 0 1 0 0 1 0 0 1 0 0 0 1 0 0 0 0 0 1 0 0 0 0 1 1 0
"313" "angels" "romance" 0 0 0 0 0 0 1 0 0 0 1 1 0 1 0 1 0 0 0 0 0 0 0 0 0 0 0 0 1 1 0 0 1 1 0 0 1 1 0 0 0 0 0 0 0 0 0 0 0 0 0 0 0 1 0 0 0 0 1 0 1 0 0 0 1 0 0 0 0 0 0 0 0 1 1 1 0 0 0 0 0 0 0 0 0 0 0 0 0 0 0 0 1 0 0 0 0 0 0 0
"314" "ardor" "romance" 1 1 0 0 1 0 1 0 1 1 0 0 0 0 0 0 1 1 1 0 1 0 0 0 1 0 1 0 0 1 1 0 0 0 0 1 1 0 0 0 1 0 0 0 0 0 0 1 1 0 1 0 0 0 0 0 0 0 0 0 0 0 1 0 0 0 0 1 0 0 0 0 0 0 0 0 0 0 0 1 0 0 0 1 0 0 0 0 1 1 0 0 0 0 0 0 1 0 0 1
"315" "beachcomber" "romance" 1 1 1 1 1 0 0 0 0 0 0 1 0 1 0 0 0 1 1 0 1 0 0 0 0 0 1 0 0 1 0 0 0 0 1 0 0 0 0 0 0 0 1 0 0 0 0 1 0 0 1 1 0 1 1 0 1 0 0 0 0 0 0 0 0 1 0 0 1 0 0 0 0 0 0 0 0 0 0 0 0 1 0 0 1 0 0 1 1 1 0 0 1 0 0 0 0 0 1 0
"316" "beyondseduction" "romance" 1 0 1 0 0 0 1 0 1 0 0 1 0 0 0 0 0 0 0 0 1 0 0 1 0 1 0 0 0 0 0 0 0 0 1 1 0 1 0 0 0 0 0 0 1 0 0 0 1 0 1 0 0 0 0 0 0 0 0 0 1 0 0 0 1 0 0 0 0 0 0 0 0 0 0 0 0 0 0 0 1 0 0 0 0 0 1 0 0 0 1 1 1 0 0 0 1 0 1 0
"317" "thebookoftrouble" "romance" 1 1 1 1 0 0 0 0 0 0 1 1 1 1 1 0 0 0 0 0 1 0 0 1 1 0 0 0 0 1 0 0 0 0 1 0 0 1 0 0 0 0 0 0 0 1 0 1 1 0 0 0 1 1 0 1 0 0 0 0 1 0 1 1 0 0 0 1 1 0 0 1 1 1 0 0 1 0 0 0 0 0 0 0 0 0 0 1 0 0 0 0 1 0 0 0 0 0 1 1
"318" "boymeetsgirl" "romance" 0 1 0 0 0 0 1 1 0 1 0 0 1 0 0 1 0 0 0 1 0 1 1 1 0 0 0 0 0 1 0 0 0 0 0 0 0 0 0 0 0 1 0 0 1 0 0 0 0 0 0 0 0 1 0 0 1 1 0 0 0 0 0 0 0 0 0 0 1 0 0 0 0 0 1 0 0 0 0 0 1 0 0 0 1 0 0 1 0 0 0 0 1 0 0 0 0 0 1 0
"319" "breathingroom" "romance" 1 0 0 0 0 0 0 0 0 1 0 0 0 0 0 0 0 0 1 1 0 0 1 0 0 0 1 1 0 1 0 0 0 0 1 0 0 1 0 0 0 1 1 0 1 0 0 1 0 0 0 0 1 0 1 0 0 0 1 0 0 0 0 1 0 0 0 0 0 0 1 0 1 0 0 1 0 0 0 0 0 0 0 0 1 0 0 0 0 0 0 0 1 0 0 0 0 0 0 1
"320" "carpedemon" "romance" 1 0 1 1 0 0 1 0 1 0 1 1 1 0 1 1 0 1 1 0 1 0 0 1 1 0 1 0 1 1 1 0 1 1 1 1 0 1 0 0 0 1 1 1 0 1 0 0 1 0 1 0 0 1 1 1 1 1 0 0 1 0 0 1 1 0 0 1 1 0 0 0 0 0 1 0 1 0 0 1 1 1 0 0 1 0 1 0 0 1 1 0 1 0 1 0 1 0 1 1
"321" "codenamenanny" "romance" 1 1 1 1 1 1 0 1 1 1 0 1 0 1 1 0 0 1 1 0 1 0 0 0 0 1 0 0 1 0 1 0 1 0 1 1 0 1 1 0 1 0 1 1 0 1 1 0 1 1 1 1 0 0 1 1 1 0 1 0 0 1 1 0 1 0 1 1 1 1 0 0 1 0 0 1 0 1 1 1 1 1 0 0 1 0 1 1 0 1 0 0 0 0 1 1 1 0 1 1
"322" "thecolorofdeath" "romance" 0 0 0 0 1 0 0 1 0 1 0 1 1 1 1 0 0 0 0 0 1 0 0 0 0 0 0 0 0 0 0 0 1 0 0 1 0 1 0 0 1 0 1 0 0 0 1 0 0 0 0 0 0 0 0 0 0 0 0 1 0 0 0 0 0 0 0 0 0 0 1 0 0 1 0 0 1 0 0 0 0 0 0 0 0 0 1 0 0 1 1 0 1 0 0 0 0 0 0 0
"323" "darkcelebration" "romance" 1 1 1 1 1 1 1 1 1 1 1 1 1 1 1 1 0 1 1 0 1 1 0 1 0 1 1 0 1 1 0 0 1 0 1 1 0 1 0 0 1 1 1 1 0 1 1 1 1 1 1 1 1 1 1 0 1 1 1 1 0 0 1 1 1 1 1 1 1 0 1 0 1 1 1 1 1 1 0 1 0 1 1 0 1 0 1 1 0 1 1 0 1 1 0 0 1 1 1 1
"324" "darkdemon" "romance" 1 0 1 1 1 1 1 1 1 1 1 1 1 1 1 1 1 1 1 1 1 0 0 1 1 0 1 1 1 1 1 1 0 1 1 1 1 1 1 0 1 1 1 1 1 0 0 1 1 1 1 1 0 0 1 1 1 1 1 1 1 1 0 1 1 1 0 1 1 0 1 0 1 1 0 1 0 1 0 1 1 1 1 0 1 1 1 0 1 1 0 0 1 0 1 0 0 0 1 1
"325" "darkpossession" "romance" 1 1 1 1 1 1 1 1 1 1 1 1 0 1 0 1 1 1 1 0 0 1 0 1 1 0 1 0 0 0 1 1 1 0 1 0 1 0 0 0 1 1 1 1 0 0 1 1 1 1 1 0 0 1 1 1 1 1 1 1 1 0 1 1 1 1 0 1 1 0 1 0 1 1 1 0 0 1 0 1 0 0 1 1 1 1 1 1 1 1 1 0 1 0 0 0 1 1 0 1
"326" "deadwrong" "romance" 1 1 1 1 0 0 1 0 1 1 1 1 0 1 0 0 0 1 1 0 0 0 0 1 1 1 0 0 0 1 0 1 0 0 0 1 0 0 0 0 1 1 0 1 0 0 0 1 1 1 0 0 0 0 1 0 0 1 1 1 1 0 0 0 0 1 0 1 1 0 0 0 0 1 0 0 1 1 0 0 1 0 0 0 0 1 1 0 1 0 0 0 1 0 1 0 1 1 0 1
"327" "dieinplainsight" "romance" 0 0 1 1 0 0 1 0 0 1 0 0 1 1 0 0 0 0 0 0 0 0 1 1 0 1 1 0 0 0 1 1 0 0 0 0 0 1 0 0 0 0 0 0 1 0 0 1 0 0 0 0 0 1 0 0 0 1 0 1 1 0 0 0 0 1 0 1 0 0 0 0 0 0 0 1 0 0 0 1 1 0 1 0 0 0 0 0 0 1 0 1 1 1 0 0 0 0 0 1
"328" "drivemecrazy" "romance" 1 1 1 1 1 0 1 0 1 1 1 1 1 1 1 0 0 0 1 1 1 0 0 1 1 1 1 0 0 1 0 0 1 1 1 1 0 1 0 0 1 1 1 1 0 1 0 0 1 0 1 0 1 0 1 0 0 1 1 1 0 1 0 1 1 0 0 1 1 0 1 0 1 1 1 1 0 0 0 1 1 1 1 0 1 0 1 1 1 0 0 0 1 0 1 0 1 1 1 1
"329" "eveningsatfive" "romance" 0 0 1 0 0 0 0 0 0 1 1 1 1 0 0 0 0 0 0 0 1 0 0 0 0 0 0 0 0 0 1 1 0 0 1 0 0 0 0 0 0 0 0 0 0 1 0 0 0 0 1 0 0 0 0 0 0 0 0 0 0 0 0 0 0 0 0 1 0 0 0 0 1 1 0 1 0 0 0 0 0 0 0 0 1 0 1 0 0 0 0 1 1 0 0 0 0 0 1 0
"330" "flirtingwithdanger" "romance" 1 0 0 0 0 0 0 1 1 0 1 1 0 0 0 0 0 0 0 0 1 0 0 0 0 0 1 1 0 0 0 0 0 0 1 0 0 1 0 0 0 1 0 0 0 0 0 1 1 0 0 1 0 1 0 0 0 0 0 0 0 0 0 0 1 0 0 1 0 0 0 1 0 1 1 0 0 0 0 0 1 0 0 0 0 0 1 0 0 0 1 1 0 0 0 1 0 0 0 1
"331" "foolforlove" "romance" 1 1 1 0 0 0 0 0 1 1 1 0 0 0 1 0 1 0 1 0 1 0 0 1 0 0 1 0 0 1 1 0 0 0 1 1 0 0 0 0 0 0 0 0 0 1 0 1 0 0 0 1 0 1 1 0 0 0 1 0 0 0 0 0 1 0 0 0 0 0 0 0 0 0 1 0 0 0 0 1 0 0 1 0 0 0 1 0 0 0 0 1 1 0 0 0 0 1 1 1
"332" "goddessforhire" "romance" 0 0 0 0 1 0 1 1 1 0 0 1 0 1 0 0 0 0 1 0 1 1 0 1 0 1 0 0 0 0 1 0 1 0 1 0 0 0 1 1 0 0 1 0 0 1 0 1 0 0 1 0 0 0 0 0 0 0 0 0 0 0 0 0 0 1 0 1 1 0 0 0 0 0 0 1 0 0 0 0 0 0 0 0 0 0 1 0 0 0 0 0 1 0 0 0 0 1 0 1
"333" "theguynottaken" "romance" 1 1 1 1 1 1 1 1 1 0 1 1 1 1 1 1 1 1 1 1 1 0 1 1 1 1 1 1 1 1 1 0 1 1 1 1 1 1 1 0 1 1 1 0 0 1 0 1 1 0 1 1 1 1 1 0 1 1 1 1 1 1 1 1 1 0 1 1 1 0 1 0 1 1 1 1 1 1 1 1 1 1 1 0 1 1 1 1 1 1 1 1 1 1 1 1 1 0 1 1
"334" "heartoftheflame" "romance" 1 1 1 1 1 0 0 0 1 1 1 1 1 1 1 0 0 0 1 1 1 1 0 1 1 1 1 0 0 1 1 1 0 0 1 1 1 0 0 0 1 0 0 0 1 1 1 1 1 1 1 1 0 0 1 0 0 1 0 0 1 1 0 0 0 1 1 1 1 0 1 0 0 1 0 0 1 1 0 1 0 1 1 0 1 0 1 0 1 1 1 0 1 0 0 0 1 1 1 1
"335" "heartsdesire" "romance" 1 0 0 1 0 0 1 1 1 0 1 0 0 1 0 1 0 0 0 0 0 0 0 1 0 0 0 0 1 0 0 0 1 0 1 1 0 0 0 0 0 0 0 0 0 0 0 1 1 0 0 1 0 0 1 0 1 0 0 0 1 0 0 1 0 0 0 0 1 0 1 0 1 0 0 1 0 0 1 0 1 1 0 0 0 1 0 1 0 1 1 1 1 0 0 1 0 0 0 1
"336" "herofficerandgentleman" "romance" 0 0 0 0 0 1 0 0 0 0 1 0 0 1 1 0 0 0 1 0 0 1 0 1 0 0 0 0 1 0 1 1 0 0 1 1 0 1 0 0 0 1 0 1 0 0 0 1 1 0 0 0 0 0 0 0 0 0 0 0 0 0 0 0 0 0 0 0 1 0 0 0 0 0 0 0 0 0 0 0 0 0 1 0 0 0 1 0 0 0 1 0 0 0 1 0 1 0 0 0
"337" "theholidaypresent" "romance" 1 0 0 0 0 0 0 1 1 0 1 0 1 0 0 0 0 0 0 0 0 0 0 1 0 0 0 0 0 1 0 0 0 0 0 0 0 0 0 0 0 0 0 0 0 0 0 0 0 0 0 0 1 1 0 0 0 0 0 0 0 0 0 0 0 1 0 1 1 0 1 1 0 0 0 1 0 0 0 0 1 0 1 0 1 0 0 0 0 0 1 1 0 0 0 0 0 0 0 0
"338" "theidealbride" "romance" 1 1 1 1 1 1 1 1 1 1 1 1 1 1 1 1 1 1 1 0 1 0 0 1 1 1 1 1 1 1 0 0 1 1 1 1 0 1 1 1 1 0 1 1 0 1 1 1 1 0 0 1 0 1 0 0 1 0 0 1 1 0 0 1 1 0 0 1 0 0 0 0 1 0 1 1 1 1 0 1 1 0 1 0 0 0 1 1 1 1 1 1 1 0 1 0 1 0 0 1
"339" "theimmortalhighlander" "romance" 1 0 1 1 1 0 1 1 1 0 1 1 0 1 0 1 1 0 1 0 0 0 1 1 1 0 0 0 0 1 0 0 0 0 0 0 0 1 0 0 0 0 0 0 0 1 0 1 1 0 1 0 0 0 0 0 0 1 0 1 0 0 0 0 0 0 0 1 1 0 0 0 0 0 1 1 0 0 0 0 0 0 1 0 1 0 1 0 0 0 0 0 0 0 0 0 0 0 1 1
"340" "indeepvoodoo" "romance" 1 1 1 0 0 0 1 0 1 0 0 1 1 0 1 0 0 0 1 0 1 1 1 0 0 0 0 0 0 1 0 0 1 0 0 0 0 1 0 1 0 1 0 0 0 1 0 0 1 0 0 1 0 0 0 0 0 0 0 0 0 0 0 0 0 0 1 1 0 0 1 0 1 0 0 1 0 0 0 0 0 0 0 0 0 0 0 0 0 1 0 1 1 0 0 0 0 0 0 1
"341" "insufficientmatingmaterial" "romance" 1 1 1 1 1 0 1 0 1 1 1 1 1 1 1 0 1 1 1 1 1 0 0 0 0 0 1 1 0 1 0 1 1 1 1 1 1 1 0 1 0 1 0 0 0 0 0 1 1 0 1 0 0 1 1 0 1 0 1 1 0 0 0 0 0 1 0 1 1 1 0 0 0 1 0 1 1 0 1 1 1 0 1 0 1 0 1 0 0 1 0 0 1 0 1 0 1 1 1 0
"342" "intothestorm" "romance" 1 0 1 0 1 0 1 1 1 1 0 1 1 1 0 1 1 0 1 1 0 1 0 0 0 0 0 1 1 0 0 0 0 0 0 1 0 1 1 0 1 1 0 0 0 0 0 0 1 0 0 1 0 0 0 0 0 1 1 0 1 0 0 0 1 0 0 0 1 0 1 0 0 0 0 0 1 0 1 0 1 0 0 0 0 0 0 0 0 1 1 0 1 0 0 0 0 0 1 0
"343" "killingtime" "romance" 0 0 1 0 1 1 0 1 0 1 1 1 1 1 1 1 0 0 1 1 1 1 1 1 1 0 1 1 0 1 1 1 1 0 1 1 0 1 0 0 1 0 1 1 0 1 0 0 1 1 1 0 0 1 0 0 1 1 1 0 0 0 0 1 0 0 1 0 1 0 0 0 0 1 0 1 0 0 0 1 1 1 0 0 1 0 1 0 1 1 0 0 1 0 0 0 0 0 0 1
"344" "kissmequick" "romance" 1 0 1 1 0 0 1 1 1 0 1 1 1 1 0 0 0 0 0 0 0 0 0 0 0 0 0 0 1 1 0 0 0 0 0 0 0 0 0 0 0 0 0 1 0 1 0 0 1 0 0 0 1 0 0 1 1 0 0 0 0 0 0 0 0 0 0 0 0 0 0 0 0 0 0 0 0 0 0 0 1 0 0 0 0 0 0 1 0 0 1 0 1 0 0 1 1 0 0 1
"345" "kissoffate" "romance" 1 1 1 0 0 1 1 1 1 0 1 1 1 0 1 0 0 1 1 0 0 0 0 1 1 1 1 1 1 1 1 0 0 1 1 0 0 1 1 0 0 1 0 0 1 1 0 0 1 1 0 0 0 1 1 0 1 1 0 1 0 0 1 1 1 1 0 1 1 0 0 0 0 1 1 0 0 0 0 1 0 0 0 0 1 0 1 1 0 0 1 1 1 1 0 0 0 0 1 1
"346" "ladyinred" "romance" 1 1 1 1 0 0 0 1 1 0 0 0 0 0 0 0 0 1 1 0 1 1 0 0 0 0 0 1 0 0 1 0 0 1 0 0 1 0 0 0 0 1 0 0 1 1 0 1 0 0 0 0 0 0 0 0 0 0 0 1 0 0 0 0 0 0 0 1 0 0 1 0 1 0 0 0 0 0 0 0 1 0 1 0 0 0 0 0 1 0 0 1 1 0 0 0 0 0 0 1
"347" "ladychosen" "romance" 1 0 1 0 1 0 0 0 1 0 1 0 0 0 0 0 1 0 1 0 1 0 0 1 0 1 0 0 0 0 1 0 0 0 1 1 0 1 1 0 0 0 0 0 0 1 0 0 0 0 0 1 0 0 0 0 0 0 0 0 0 0 0 0 0 0 1 1 0 0 1 0 0 0 0 0 0 0 0 0 0 1 0 0 0 0 0 1 0 0 0 0 1 0 1 0 1 0 0 1
"348" "lovewithascandalouslord" "romance" 0 0 1 1 1 1 1 0 0 0 1 1 1 0 0 1 0 0 1 0 0 0 0 0 0 1 0 0 0 1 1 0 0 0 1 1 0 0 0 0 0 1 0 0 0 0 1 1 0 0 1 0 0 1 0 0 0 0 1 1 0 0 0 0 0 1 1 1 0 1 0 0 1 1 0 0 0 0 0 0 0 0 0 0 0 0 0 0 0 0 0 1 1 0 0 0 1 1 0 1
"349" "magichour" "romance" 0 1 1 1 1 0 0 0 0 1 1 1 1 1 0 0 0 0 1 0 1 1 1 1 0 1 1 0 1 0 1 1 0 0 1 1 0 1 1 0 1 1 1 0 0 0 0 0 1 1 1 1 1 0 1 1 0 0 0 1 1 0 0 1 0 1 0 1 1 0 0 0 1 0 1 1 1 0 0 0 0 1 1 0 0 1 1 1 0 1 0 0 1 1 1 0 0 1 1 1
"350" "themarriagespell" "romance" 1 0 0 0 1 0 1 1 1 0 1 0 1 1 0 0 0 0 1 0 1 0 1 0 0 0 0 0 1 1 0 0 0 0 1 0 0 1 1 0 0 1 1 0 0 0 0 1 0 0 0 0 0 0 0 1 0 1 0 1 1 0 0 0 0 0 0 1 0 0 0 0 0 0 0 0 0 1 0 0 1 0 0 0 0 0 0 1 0 0 1 1 1 0 1 0 0 1 0 1
"351" "tomarrytheduke" "romance" 0 0 0 0 0 0 1 1 1 1 1 1 0 0 0 0 0 0 1 0 1 0 0 0 0 0 0 1 0 0 0 0 0 0 1 1 1 1 0 0 0 0 0 0 0 0 0 1 0 0 1 0 0 0 1 0 0 0 0 0 0 0 0 0 0 0 0 0 0 0 0 0 0 0 1 0 0 0 0 0 1 0 0 0 0 0 1 0 0 0 1 0 0 0 0 0 0 0 0 1
"352" "materialgirl" "romance" 1 1 1 1 1 1 1 1 1 1 1 0 1 1 1 1 0 0 1 1 1 1 1 1 1 1 1 1 0 0 1 1 1 1 1 1 0 1 1 1 1 1 0 0 1 0 0 1 1 0 1 1 0 0 1 0 0 0 1 0 1 0 1 0 0 0 1 1 1 0 0 0 1 1 1 0 1 0 1 1 1 0 1 1 0 0 1 0 1 0 0 0 1 0 1 0 0 0 1 0
"353" "myfavoritewitch" "romance" 1 0 1 1 1 0 1 0 1 1 1 1 1 1 1 1 1 1 1 1 1 1 0 0 0 0 1 0 0 1 1 1 0 0 0 1 0 1 1 0 1 1 0 0 1 0 0 1 1 0 1 0 0 0 1 1 0 1 1 1 1 0 0 0 1 0 1 0 1 0 0 0 1 0 0 1 0 0 0 1 0 0 0 0 0 0 0 0 0 0 0 0 1 0 1 0 0 0 0 1
"354" "nightsofrainandstars" "romance" 1 0 1 0 0 1 0 1 1 0 1 0 0 0 0 0 0 0 0 0 1 1 0 0 0 0 0 0 0 1 0 0 1 0 0 0 0 0 1 0 0 0 0 0 0 0 0 0 1 0 0 0 0 0 0 0 0 1 0 1 0 0 1 1 1 0 0 1 1 0 1 0 0 1 1 1 0 0 1 0 0 0 0 0 0 0 0 0 1 1 0 0 1 0 0 0 0 0 0 0
"355" "onanightlikethis" "romance" 1 1 1 1 1 1 1 1 1 1 1 1 1 1 1 1 1 1 1 1 1 0 1 1 1 1 1 0 1 1 1 1 1 0 1 1 1 1 1 0 1 1 1 1 1 1 0 1 1 1 1 1 1 0 0 1 1 1 1 1 1 0 0 1 1 0 0 1 1 1 1 0 1 1 0 1 0 1 0 0 1 1 1 0 1 1 1 1 1 1 1 1 1 1 1 1 1 0 1 1
"356" "onekissfromyou" "romance" 1 0 0 1 1 0 0 0 1 0 1 0 0 1 0 0 1 0 1 0 0 0 0 0 1 0 0 1 0 0 0 0 0 0 1 1 0 1 1 0 0 0 1 0 0 1 0 1 0 0 0 0 0 0 1 0 0 0 1 0 0 1 1 1 0 0 0 1 1 0 1 0 1 0 0 0 0 0 0 0 1 0 0 0 0 0 0 0 0 0 0 0 1 1 0 1 0 0 0 0
"357" "puzzlebarktree" "romance" 1 0 1 1 1 1 0 0 1 0 0 1 1 0 1 1 0 0 1 0 0 0 0 1 0 0 0 0 1 1 0 0 0 1 1 1 0 1 0 0 0 0 1 0 0 1 0 1 1 0 1 0 0 1 1 1 0 0 1 0 1 1 0 1 1 1 1 1 0 0 1 0 1 0 0 1 0 1 1 0 1 0 0 1 0 0 1 1 1 1 1 1 1 0 1 0 0 0 1 1
"358" "reluctantsuitor" "romance" 0 1 0 0 0 0 1 0 0 0 1 0 0 1 0 0 0 0 0 0 1 0 0 0 0 0 0 0 0 1 0 0 0 0 0 1 0 0 1 0 0 0 0 0 0 0 1 1 1 0 0 0 0 0 0 0 0 0 0 0 1 0 0 0 0 1 0 0 0 0 0 0 0 0 1 1 0 0 0 0 0 0 0 0 0 0 0 0 0 0 1 1 1 0 0 0 1 0 0 0
"359" "theseductionofanenglishlady" "romance" 1 0 1 1 1 1 0 0 1 0 1 1 0 1 1 0 0 1 1 0 1 0 0 1 0 1 1 0 1 1 1 0 1 0 0 1 1 1 0 0 0 0 0 0 0 1 0 0 1 0 0 0 0 0 0 0 0 0 0 0 0 0 0 1 1 0 0 1 0 0 0 0 0 0 0 1 1 0 1 0 1 1 0 0 0 0 1 1 0 0 0 0 1 0 0 0 1 0 1 1
"360" "shadowtouch" "romance" 1 1 1 1 0 0 0 0 0 0 1 1 0 0 1 0 0 0 0 1 0 0 0 0 0 1 1 0 0 0 0 0 1 0 0 0 1 1 0 0 0 1 1 0 0 0 0 1 1 0 1 0 0 0 0 0 0 1 1 0 0 0 0 0 1 1 0 0 0 0 0 0 0 1 1 1 0 0 0 0 1 0 0 0 0 0 0 1 0 0 1 0 1 0 0 1 1 1 0 1
"361" "shesnoprincess" "romance" 0 0 1 1 0 0 1 0 1 0 1 1 0 0 0 0 0 0 0 0 1 0 0 1 0 0 1 0 0 0 0 0 1 1 0 0 0 1 0 0 0 1 0 0 1 1 0 0 0 0 0 0 0 0 0 1 1 0 0 1 0 0 0 0 1 0 0 0 0 0 0 0 0 0 1 0 0 0 0 1 0 0 0 0 0 0 0 0 0 0 1 0 1 0 0 0 0 0 0 0
"362" "shopaholicandbaby" "romance" 1 1 1 1 0 0 0 1 1 0 0 1 1 0 0 1 1 1 0 1 1 0 0 0 0 0 1 0 1 1 1 0 1 0 1 1 0 1 0 1 0 1 0 0 0 0 0 1 1 0 0 1 0 1 0 0 0 0 1 1 0 0 0 1 0 0 1 1 1 0 0 1 0 0 0 1 0 0 0 1 1 0 0 1 1 0 1 0 0 0 0 0 1 0 1 0 0 0 0 0
"363" "shopaholicandsister" "romance" 1 1 0 1 0 0 1 1 1 0 1 1 0 1 0 0 1 1 1 1 1 0 1 1 0 0 1 0 0 1 0 0 1 1 1 1 0 1 1 0 1 1 0 0 1 0 0 1 1 1 0 1 0 1 1 0 1 1 1 1 1 0 1 1 1 0 1 1 1 0 1 0 0 1 1 1 1 1 0 1 0 0 0 0 1 0 1 0 0 1 0 0 1 0 1 0 0 0 1 1
"364" "slightlydangerous" "romance" 1 0 1 1 0 0 1 0 1 1 1 1 1 1 1 1 1 0 1 0 1 0 1 0 0 0 1 1 0 1 0 1 0 1 0 1 0 0 0 1 1 0 0 0 0 1 0 1 1 0 1 1 1 1 0 1 1 1 0 1 1 0 0 0 1 1 1 1 1 1 0 1 0 0 0 1 0 0 1 1 1 0 0 0 0 0 0 1 0 1 1 0 1 0 0 0 0 1 0 0
"365" "somelikeithaute" "romance" 1 1 1 0 0 1 1 1 1 1 1 1 1 1 0 1 0 1 1 0 1 0 0 1 0 0 1 0 1 1 1 0 1 0 1 1 0 1 0 0 1 1 1 1 1 0 0 1 1 1 1 1 1 1 1 0 0 1 1 1 1 0 0 1 1 0 1 1 1 1 1 0 1 1 1 1 1 1 1 1 1 1 1 0 0 1 1 1 1 0 0 1 1 0 1 0 0 0 1 0
"366" "spellofthehighlander" "romance" 1 1 1 1 1 1 1 0 1 0 1 1 1 1 1 1 0 0 1 0 1 1 1 1 1 1 0 1 1 1 0 1 1 0 0 1 1 0 1 0 1 0 1 0 1 1 0 1 1 1 1 0 0 0 1 0 0 1 0 1 0 0 1 1 1 0 1 1 1 0 1 1 1 1 0 1 0 1 0 0 1 0 1 0 1 0 1 1 0 1 0 0 1 0 1 1 1 0 1 1
"367" "thesummeridared" "romance" 1 1 1 1 1 1 1 1 1 1 1 1 1 1 1 0 1 1 1 1 1 1 1 1 1 1 1 0 1 1 1 1 1 1 1 1 1 1 1 0 1 1 1 1 0 1 0 1 1 0 1 1 0 1 1 1 1 1 1 1 1 0 1 1 0 0 1 1 1 1 1 0 1 1 1 1 0 1 1 1 1 1 1 1 0 0 1 1 1 1 1 1 1 1 1 1 1 1 1 1
"368" "sushiforbeginners" "romance" 0 1 1 0 0 0 0 0 1 0 1 0 1 1 1 0 0 0 0 1 0 0 0 1 0 0 0 0 1 1 1 0 0 0 0 0 0 0 0 0 1 0 0 0 0 0 0 0 1 0 1 0 0 0 0 0 0 0 1 1 0 0 0 0 0 0 0 1 0 0 0 0 0 0 1 1 0 0 0 0 0 1 0 0 1 0 1 0 0 1 1 0 1 0 0 0 0 0 0 0
"369" "swordofdarkness" "romance" 0 1 1 1 0 0 0 0 1 0 1 1 0 0 0 1 0 1 1 1 1 0 1 0 0 1 0 0 0 0 0 0 0 0 1 1 1 1 1 0 0 0 1 0 0 0 0 1 1 0 1 0 1 0 0 0 0 0 0 0 0 0 0 0 1 0 0 1 1 0 1 0 1 0 0 0 0 0 0 1 1 0 1 1 0 0 0 0 0 0 0 0 1 0 0 0 1 1 1 1
"370" "tigereye" "romance" 1 1 1 1 1 1 0 1 1 1 1 1 1 1 1 1 0 1 1 1 1 1 1 1 1 1 1 1 1 1 1 1 1 1 1 1 1 1 0 0 1 0 1 0 1 0 1 1 1 1 1 0 0 0 1 1 0 1 0 1 1 0 1 1 1 1 0 1 1 0 1 0 1 1 1 0 1 1 1 1 1 0 1 0 0 0 1 0 1 0 1 0 1 1 0 0 1 0 0 1
"371" "twelvetimesblessed" "romance" 0 0 1 0 1 1 0 1 0 0 0 0 0 0 1 0 0 1 0 0 0 0 0 1 0 0 1 0 0 0 0 0 0 0 1 0 0 0 0 0 0 0 0 0 0 0 0 0 1 1 1 0 0 1 0 0 0 0 0 0 1 0 0 1 0 0 0 0 1 0 1 0 0 0 0 1 1 1 0 0 0 0 1 0 0 0 0 1 0 0 1 0 0 0 0 0 0 1 0 1
"372" "avisitfromsirnicholas" "romance" 1 0 0 0 0 0 0 1 1 0 1 1 0 0 0 0 0 0 0 0 1 0 0 0 0 0 1 1 0 0 0 0 0 0 1 0 0 1 0 0 0 1 0 0 0 0 0 1 1 0 0 1 0 1 0 0 0 0 0 0 0 0 0 0 1 0 0 1 0 0 0 1 0 1 1 0 0 0 0 0 1 0 0 0 0 0 1 0 0 0 1 1 0 0 0 1 0 0 0 1
"373" "whatpricelove" "romance" 1 0 0 0 1 0 0 0 0 1 1 1 0 0 0 0 0 0 1 0 0 0 1 0 0 1 1 0 1 0 0 0 0 0 1 1 0 0 1 0 0 0 0 0 0 0 0 0 1 0 0 0 0 0 0 0 0 0 0 0 0 0 0 0 0 0 0 1 0 0 0 0 0 0 0 1 0 0 0 0 0 0 0 0 0 0 0 0 0 0 1 1 1 1 0 0 0 0 0 0
"374" "wired" "romance" 1 1 1 1 1 1 1 0 1 1 0 1 1 1 0 1 1 1 1 0 1 0 1 1 1 1 1 0 1 1 1 0 1 0 1 1 1 0 0 1 1 1 1 0 0 1 0 1 1 1 1 0 0 1 1 1 0 1 1 0 1 0 0 1 1 0 1 0 1 1 0 0 1 0 0 1 1 0 1 1 1 0 1 0 1 0 1 0 0 1 0 0 1 0 0 0 1 0 0 0
"375" "yoursuntildawn" "romance" 0 0 0 0 0 0 0 1 0 0 1 1 0 1 0 0 0 0 1 0 1 0 0 0 0 0 1 0 0 0 0 1 0 0 1 1 0 0 0 0 1 0 1 1 0 0 0 1 1 0 0 0 0 0 0 0 0 0 0 0 0 1 0 1 0 0 0 1 0 0 0 0 1 0 0 0 0 0 0 1 1 1 0 0 1 0 1 0 0 0 0 0 1 0 1 0 1 1 0 1